1.0	0.0	0.0	0.0
0.0	0.999977	2.3e-05	0.0
1.0	0.0	0.0	0.0
0.0	0.046144	0.953856	0.0
1.0	0.0	0.0	0.0
1.0	0.0	0.0	0.0
0.999995	0.0	5e-06	0.0
0.000112	0.968746	0.031139	4e-06
0.0	1.0	0.0	0.0
0.0	1.0	0.0	0.0
0.0	0.0	1.0	0.0
0.999998	2e-06	0.0	0.0
0.0	1.0	0.0	0.0
1.0	0.0	0.0	0.0
1.0	0.0	0.0	0.0
0.0	0.00075	0.0	0.99925
0.0	1.0	0.0	0.0
0.001642	0.0	0.998358	0.0
0.0	1.0	0.0	0.0
4e-06	0.999918	7.7e-05	0.0
1.0	0.0	0.0	0.0
0.0	0.140478	0.859522	0.0
0.005897	0.981767	0.012048	0.000288
1.0	0.0	0.0	0.0
0.0	1.0	0.0	0.0
0.0	0.0	1.0	0.0
9.2e-05	0.999907	0.0	0.0
0.0	0.0	1.0	0.0
9e-05	0.0	0.99991	0.0
1e-06	0.99978	0.000218	1e-06
0.965776	0.034187	3.8e-05	0.0
0.955227	0.0	0.044773	0.0
0.0	1.0	0.0	0.0
1.0	0.0	0.0	0.0
0.0	1.0	0.0	0.0
1.0	0.0	0.0	0.0
0.0	1.0	0.0	0.0
0.0	1.0	0.0	0.0
0.0	0.999996	2e-06	2e-06
0.0	1.0	0.0	0.0
0.999999	0.0	1e-06	0.0
1.0	0.0	0.0	0.0
0.0	1.0	0.0	0.0
0.0	1.0	0.0	0.0
0.0	1.0	0.0	0.0
0.0	1.0	0.0	0.0
0.0	0.999998	1e-06	0.0
0.828099	0.0	0.171901	0.0
0.0	0.0	1.0	0.0
0.0	1.0	0.0	0.0
0.0	1.0	0.0	0.0
0.999998	1e-06	0.0	1e-06
0.0	0.0	1.0	0.0
1e-06	0.0	0.0	0.999999
0.0	1.0	0.0	0.0
1.0	0.0	0.0	0.0
0.0	1.0	0.0	0.0
0.0	1.0	0.0	0.0
0.0	1.0	0.0	0.0
0.0	1.0	0.0	0.0
1.0	0.0	0.0	0.0
0.0	1.0	0.0	0.0
0.0	1.0	0.0	0.0
0.006014	0.0	0.993986	0.0
1.0	0.0	0.0	0.0
1.0	0.0	0.0	0.0
0.999998	0.0	2e-06	0.0
0.0	0.0	1.0	0.0
1.0	0.0	0.0	0.0
1.0	0.0	0.0	0.0
0.0	1.0	0.0	0.0
0.0	1.0	0.0	0.0
1.0	0.0	0.0	0.0
0.0	0.999969	3e-05	0.0
3.2e-05	0.0	0.999968	0.0
1.0	0.0	0.0	0.0
1.0	0.0	0.0	0.0
1.0	0.0	0.0	0.0
0.0	1.0	0.0	0.0
0.0	1.0	0.0	0.0
0.0	0.0	1.0	0.0
0.0	0.0	1.0	0.0
0.0	1.0	0.0	0.0
1.0	0.0	0.0	0.0
1.0	0.0	0.0	0.0
0.999998	0.0	2e-06	0.0
0.005757	0.034627	0.95417	0.005446
0.999999	0.0	1e-06	0.0
1.0	0.0	0.0	0.0
1.0	0.0	0.0	0.0
0.0	1.0	0.0	0.0
0.0	1.0	0.0	0.0
0.433775	0.0	0.566225	0.0
1.0	0.0	0.0	0.0
1.0	0.0	0.0	0.0
1.0	0.0	0.0	0.0
0.0	0.0	1.0	0.0
0.0	1.0	0.0	0.0
1.0	0.0	0.0	0.0
0.000158	0.205021	0.794807	1.4e-05
0.0	0.0	0.0	1.0
0.0	1.0	0.0	0.0
0.0	1.0	0.0	0.0
0.0	0.0	1.0	0.0
0.495132	0.0	0.504868	0.0
1.0	0.0	0.0	0.0
0.0	0.0	0.0	1.0
1.0	0.0	0.0	0.0
0.0	1.0	0.0	0.0
0.0	1.0	0.0	0.0
0.0	0.0	1.0	0.0
0.0	1.0	0.0	0.0
0.0	0.0	0.0	1.0
2e-06	0.996275	0.002651	0.001073
1.0	0.0	0.0	0.0
0.999964	0.0	4e-06	3.2e-05
0.0	1.0	0.0	0.0
1.0	0.0	0.0	0.0
0.0	1.0	0.0	0.0
0.0	1.0	0.0	0.0
0.0	0.999745	0.000255	0.0
0.0	1.0	0.0	0.0
0.0	1.0	0.0	0.0
1.0	0.0	0.0	0.0
4e-06	0.684255	0.003928	0.311813
0.0	1.0	0.0	0.0
0.0	0.0	1.0	0.0
0.0	0.999957	4.2e-05	0.0
0.0	0.0	1.0	0.0
1.0	0.0	0.0	0.0
0.999999	0.0	1e-06	0.0
1.0	0.0	0.0	0.0
0.0	0.0	0.0	1.0
0.999998	0.0	2e-06	0.0
0.0	1.0	0.0	0.0
0.0	1.0	0.0	0.0
0.0	1.0	0.0	0.0
0.0	0.0	1.0	0.0
1e-06	0.999985	0.0	1.4e-05
0.0	1.0	0.0	0.0
1.0	0.0	0.0	0.0
0.0	1.0	0.0	0.0
0.0	0.0	0.0	1.0
0.999994	0.0	6e-06	0.0
1.0	0.0	0.0	0.0
1.0	0.0	0.0	0.0
0.0	1.0	0.0	0.0
0.0	1.0	0.0	0.0
0.0	0.0	1.0	0.0
0.999893	0.0	0.000107	0.0
0.0	0.0	1e-06	0.999999
1.0	0.0	0.0	0.0
0.0	0.0	1.0	0.0
0.0	0.0	1.0	0.0
1.0	0.0	0.0	0.0
0.0	1.0	0.0	0.0
0.999998	0.0	2e-06	0.0
0.0	1.0	0.0	0.0
0.0	0.0	6.8e-05	0.999932
1.0	0.0	0.0	0.0
0.0	0.0	1.0	0.0
1.0	0.0	0.0	0.0
1.0	0.0	0.0	0.0
1.0	0.0	0.0	0.0
0.0	1.0	0.0	0.0
1.0	0.0	0.0	0.0
0.00016	0.0	0.99984	0.0
1.0	0.0	0.0	0.0
1.0	0.0	0.0	0.0
0.999985	0.0	1.5e-05	0.0
0.0	1.0	0.0	0.0
0.0	1.0	0.0	0.0
1.0	0.0	0.0	0.0
1.0	0.0	0.0	0.0
1.0	0.0	0.0	0.0
1.0	0.0	0.0	0.0
0.0	0.999828	0.000141	3.1e-05
0.003382	0.000884	0.995734	0.0
2.9e-05	0.0	0.999971	0.0
1.0	0.0	0.0	0.0
0.0	0.0	0.0	1.0
0.0	0.0	1.0	0.0
0.999997	0.0	3e-06	0.0
0.0	0.999996	4e-06	0.0
0.0	0.94901	0.05099	0.0
0.0	0.0	1.0	0.0
1.0	0.0	0.0	0.0
1.0	0.0	0.0	0.0
0.0	0.999999	1e-06	0.0
0.0	1.0	0.0	0.0
1.0	0.0	0.0	0.0
1.0	0.0	0.0	0.0
0.003683	0.236498	0.746701	0.013117
1e-06	0.0	1.3e-05	0.999986
1.0	0.0	0.0	0.0
0.0	0.0	1.0	0.0
1.0	0.0	0.0	0.0
0.0	0.0	1.0	0.0
0.0	1.0	0.0	0.0
1e-06	0.241266	0.758734	0.0
0.999999	0.0	1e-06	0.0
0.0	1.0	0.0	0.0
1.0	0.0	0.0	0.0
0.0	0.0	1.0	0.0
0.0	0.0	1.0	0.0
1.0	0.0	0.0	0.0
0.002275	0.0	0.997725	0.0
0.0	0.0	1.0	0.0
0.0	1.0	0.0	0.0
0.999993	0.0	0.0	7e-06
0.0	0.0	1.0	0.0
0.0	1.0	0.0	0.0
0.0	0.0	0.999802	0.000198
1.0	0.0	0.0	0.0
1.0	0.0	0.0	0.0
0.970113	0.0	0.029887	0.0
1.0	0.0	0.0	0.0
0.999999	0.0	1e-06	0.0
1.0	0.0	0.0	0.0
1.0	0.0	0.0	0.0
0.98309	0.0	0.0	0.01691
0.0	0.0	1.0	0.0
0.194308	0.0	0.80569	2e-06
0.0	1.0	0.0	0.0
1.0	0.0	0.0	0.0
1.0	0.0	0.0	0.0
0.999999	1e-06	0.0	0.0
1.0	0.0	0.0	0.0
0.0	1.0	0.0	0.0
0.0	1.0	0.0	0.0
0.0	0.999942	5.7e-05	0.0
1.0	0.0	0.0	0.0
0.999678	0.0	0.000322	0.0
0.0	0.999993	4e-06	2e-06
0.0	0.999174	0.000826	0.0
1.0	0.0	0.0	0.0
0.0	1.0	0.0	0.0
0.0	1.0	0.0	0.0
0.031067	0.0	0.968933	0.0
0.939374	0.0	0.060626	0.0
4e-06	0.0	0.0	0.999996
0.0	1e-06	1e-06	0.999998
0.0	0.0	1.0	0.0
0.0	0.0	0.0	1.0
0.011005	0.0	0.988995	0.0
0.0	1.0	0.0	0.0
0.0	1.0	0.0	0.0
0.0	0.0	1.0	0.0
0.999999	0.0	1e-06	0.0
0.0	1.0	0.0	0.0
0.0	1.0	0.0	0.0
0.0	0.999969	2.6e-05	4e-06
0.0	1e-05	0.99999	0.0
0.0	0.999998	2e-06	0.0
0.0	1.0	0.0	0.0
0.999606	0.0	0.000394	0.0
0.0	0.0	0.0	1.0
0.0	1e-06	0.999999	0.0
0.0	1.0	0.0	0.0
0.0	1.0	0.0	0.0
0.0	1.0	0.0	0.0
0.999999	0.0	1e-06	0.0
0.0	1.0	0.0	0.0
0.0	0.000636	0.002431	0.996933
0.0	0.0	1.0	0.0
0.0	1.0	0.0	0.0
1.0	0.0	0.0	0.0
0.0	0.0	1.0	0.0
0.0	1.0	0.0	0.0
0.0	1.0	0.0	0.0
0.0	0.0	1.0	0.0
0.0	1.0	0.0	0.0
0.0	0.999567	0.000433	0.0
1.0	0.0	0.0	0.0
0.999981	0.0	0.0	1.9e-05
0.0	1.0	0.0	0.0
0.0	0.0	1.0	0.0
0.999999	0.0	1e-06	0.0
0.001087	0.0	0.998913	0.0
1.0	0.0	0.0	0.0
1.0	0.0	0.0	0.0
1.0	0.0	0.0	0.0
0.999999	0.0	1e-06	0.0
0.0	0.307614	0.692386	0.0
1.0	0.0	0.0	0.0
0.0	1.0	0.0	0.0
0.0	0.0	1.0	0.0
0.0	0.0	0.0	1.0
0.0	1.0	0.0	0.0
0.0	1.0	0.0	0.0
1.0	0.0	0.0	0.0
0.0	1.7e-05	0.999983	0.0
0.0	0.0	1.0	0.0
2e-06	0.0	0.999998	0.0
0.0	0.0	1.0	0.0
1.0	0.0	0.0	0.0
0.999974	2.5e-05	1e-06	0.0
0.001486	0.0	0.0	0.998514
1.0	0.0	0.0	0.0
0.999999	0.0	1e-06	0.0
0.0	0.0	1.0	0.0
0.0	1.0	0.0	0.0
1.0	0.0	0.0	0.0
1.0	0.0	0.0	0.0
0.999998	0.0	2e-06	0.0
1.0	0.0	0.0	0.0
0.0	0.0	0.0	1.0
0.0	0.0	1.0	0.0
1.0	0.0	0.0	0.0
0.0	1.0	0.0	0.0
0.0	1.0	0.0	0.0
0.0	0.0	1.0	0.0
0.0	0.999987	1.3e-05	0.0
0.999999	0.0	1e-06	0.0
0.0	0.0	1.0	0.0
2.4e-05	0.0	0.999976	0.0
0.0	0.0	1.0	0.0
0.954458	2e-06	0.04554	0.0
0.0	1.6e-05	1e-06	0.999983
1.0	0.0	0.0	0.0
1.0	0.0	0.0	0.0
1.0	0.0	0.0	0.0
0.0	1.0	0.0	0.0
1.0	0.0	0.0	0.0
0.0	1.0	0.0	0.0
0.999999	0.0	1e-06	0.0
1.0	0.0	0.0	0.0
0.000607	0.0	0.999393	0.0
0.999881	3e-06	0.000116	0.0
0.0	0.0	1.0	0.0
0.0	1.0	0.0	0.0
1.0	0.0	0.0	0.0
0.293786	0.0	0.706214	0.0
1.0	0.0	0.0	0.0
0.999998	1e-06	1e-06	0.0
0.0	0.0	1.0	0.0
0.999998	0.0	1e-06	0.0
0.0	0.0	1.0	0.0
0.0	1.0	0.0	0.0
1.0	0.0	0.0	0.0
1.0	0.0	0.0	0.0
0.0	0.874706	0.125294	0.0
1.0	0.0	0.0	0.0
0.999995	0.0	5e-06	0.0
1e-06	0.998745	0.001253	1e-06
0.0	0.0	0.0	1.0
0.0	1.0	0.0	0.0
1.0	0.0	0.0	0.0
0.999999	0.0	1e-06	0.0
1.0	0.0	0.0	0.0
0.000169	0.0	0.999831	0.0
1.0	0.0	0.0	0.0
1.0	0.0	0.0	0.0
1.0	0.0	0.0	0.0
0.999997	0.0	3e-06	0.0
1.0	0.0	0.0	0.0
0.0	0.0	1.0	0.0
1.0	0.0	0.0	0.0
5.3e-05	0.999947	0.0	0.0
1.0	0.0	0.0	0.0
1.0	0.0	0.0	0.0
0.0	0.999983	1.7e-05	0.0
1.0	0.0	1e-06	0.0
0.999999	0.0	0.0	0.0
1.0	0.0	0.0	0.0
0.0	1.0	0.0	0.0
1.0	0.0	0.0	0.0
0.999147	0.0	0.000853	0.0
0.0	0.0	0.0	1.0
0.0	0.999997	0.0	3e-06
0.0	1.0	0.0	0.0
1.0	0.0	0.0	0.0
1.0	0.0	0.0	0.0
0.013206	0.001469	0.00021	0.985115
0.0	1.0	0.0	0.0
0.0	1.0	0.0	0.0
0.0	1.0	0.0	0.0
0.0	0.0	1.0	0.0
0.000171	5e-06	0.999822	2e-06
0.0	1.0	0.0	0.0
0.0	1.0	0.0	0.0
1.0	0.0	0.0	0.0
8e-06	0.0	0.999975	1.7e-05
0.0	0.999996	0.0	4e-06
0.0	1.0	0.0	0.0
3e-06	0.0	0.060705	0.939292
0.0	1.0	0.0	0.0
5e-05	0.500617	0.495427	0.003906
0.0	0.0	1.0	0.0
1.0	0.0	0.0	0.0
0.0	1.0	0.0	0.0
0.0	0.0	1.0	0.0
0.0	1.0	0.0	0.0
0.999998	0.0	2e-06	0.0
0.998691	0.0	0.001309	0.0
0.0	0.999999	0.0	1e-06
1.0	0.0	0.0	0.0
0.0	0.0	1.0	0.0
0.0	1.0	0.0	0.0
0.0	1.0	0.0	0.0
1.0	0.0	0.0	0.0
0.0	1.0	0.0	0.0
0.0	0.064027	0.935973	0.0
1.0	0.0	0.0	0.0
0.000599	0.0	0.999401	0.0
4.7e-05	0.0	0.999953	0.0
0.0	1.0	0.0	0.0
0.0	1.0	0.0	0.0
0.0	0.0	1.0	0.0
1.0	0.0	0.0	0.0
0.0	0.996503	0.003497	0.0
2.8e-05	0.0	0.999972	0.0
0.0	0.998576	0.001424	0.0
0.0	0.0	0.0	1.0
0.0	1.0	0.0	0.0
0.068409	0.735462	0.191309	0.004819
1.0	0.0	0.0	0.0
0.0	1.0	0.0	0.0
0.0	0.999947	5.2e-05	1e-06
0.0	1.8e-05	0.999982	0.0
0.0	0.0	1.0	0.0
1.0	0.0	0.0	0.0
0.0	0.999999	1e-06	0.0
0.0	0.0	1.0	0.0
0.0	0.0	1.0	0.0
0.019893	0.0	0.980106	0.0
0.973951	0.0	0.026049	0.0
0.0	1.0	0.0	0.0
0.999827	0.0	0.000145	2.9e-05
1.0	0.0	0.0	0.0
2.5e-05	0.0	0.999975	0.0
1.0	0.0	0.0	0.0
0.0	1.0	0.0	0.0
0.0	1.0	0.0	0.0
0.999868	7e-05	6.2e-05	0.0
0.0	1.0	0.0	0.0
0.0	1.0	0.0	0.0
0.0	1e-05	0.000372	0.999618
0.0	0.0	0.0	1.0
1.0	0.0	0.0	0.0
0.999995	1e-06	3e-06	1e-06
1.0	0.0	0.0	0.0
0.0	1.0	0.0	0.0
1.0	0.0	0.0	0.0
0.004875	0.0	0.995125	0.0
1.0	0.0	0.0	0.0
0.0	0.0	1.0	0.0
1.0	0.0	0.0	0.0
0.0	1.0	0.0	0.0
0.999655	0.0	0.000231	0.000114
0.981283	0.0	0.018709	7e-06
0.005243	0.0	0.994757	0.0
0.0	0.0	1.0	0.0
0.0	0.0	1.0	0.0
0.002357	0.0	0.907974	0.089669
1.0	0.0	0.0	0.0
1.0	0.0	0.0	0.0
0.0	0.999735	0.000265	0.0
0.000871	0.0	0.999129	0.0
0.0	1.0	0.0	0.0
0.999982	1.7e-05	0.0	0.0
1.0	0.0	0.0	0.0
1.0	0.0	0.0	0.0
0.0	1.0	0.0	0.0
0.0	0.0	0.0	1.0
0.0	1.0	0.0	0.0
0.0	0.0	1.0	0.0
7e-06	0.0	0.999993	0.0
1.6e-05	0.0	0.999984	0.0
0.0	1.0	0.0	0.0
0.0	1.0	0.0	0.0
0.0	1.0	0.0	0.0
0.999999	0.0	1e-06	0.0
1.0	0.0	0.0	0.0
0.0	0.999469	0.000531	0.0
0.0	0.0	1.0	0.0
1.0	0.0	0.0	0.0
1.0	0.0	0.0	0.0
0.999999	0.0	1e-06	0.0
0.0	1.0	0.0	0.0
0.0001	0.280854	0.719044	2e-06
0.999999	0.0	1e-06	0.0
0.0	1.0	0.0	0.0
1.0	0.0	0.0	0.0
1.0	0.0	0.0	0.0
0.999989	0.0	1.1e-05	0.0
0.0	1.0	0.0	0.0
0.0	1.0	0.0	0.0
1.0	0.0	0.0	0.0
1.0	0.0	0.0	0.0
1.0	0.0	0.0	0.0
0.0	0.0	1.0	0.0
1.0	0.0	0.0	0.0
1.0	0.0	0.0	0.0
0.999999	0.0	1e-06	0.0
0.0	0.0	1.0	0.0
1.0	0.0	0.0	0.0
1.0	0.0	0.0	0.0
0.999868	0.0	0.000132	0.0
1.0	0.0	0.0	0.0
0.009531	0.0	0.990469	0.0
1e-06	0.999995	0.0	3e-06
0.0	1.0	0.0	0.0
1.0	0.0	0.0	0.0
1e-06	0.0	0.000228	0.999771
0.0	1.0	0.0	0.0
0.0	1.0	0.0	0.0
0.0	1.0	0.0	0.0
0.999985	0.0	1.5e-05	0.0
0.0	0.999971	2.9e-05	0.0
0.0	0.0	1.0	0.0
0.999894	0.0	0.000106	0.0
0.060495	0.0	0.939505	0.0
0.0	0.0	0.0	1.0
1.0	0.0	0.0	0.0
0.0	0.0	1.0	0.0
1.0	0.0	0.0	0.0
0.0	1.0	0.0	0.0
0.0	1.0	0.0	0.0
0.0	0.0	1.0	0.0
0.999997	0.0	3e-06	1e-06
0.0	0.0	1.0	0.0
1.0	0.0	0.0	0.0
0.0	0.999994	6e-06	0.0
0.0	0.999941	5.9e-05	0.0
0.0	0.0	1.0	0.0
1.0	0.0	0.0	0.0
0.0	0.0	1.0	0.0
1.0	0.0	0.0	0.0
0.0	0.999999	1e-06	0.0
0.000138	0.0	0.999035	0.000826
1.0	0.0	0.0	0.0
0.003178	0.0	0.996822	0.0
1.0	0.0	0.0	0.0
1.0	0.0	0.0	0.0
1.0	0.0	0.0	0.0
0.0	0.0	1.0	0.0
1.0	0.0	0.0	0.0
0.0	0.0	1.0	0.0
1.0	0.0	0.0	0.0
0.0	0.0	0.0	1.0
0.999984	0.0	1.6e-05	0.0
0.0	1.0	0.0	0.0
0.000113	0.0	0.999887	0.0
0.0	1.0	0.0	0.0
0.0	0.999923	7.7e-05	0.0
0.0	1.0	0.0	0.0
1.0	0.0	0.0	0.0
0.0	0.0	0.0	1.0
0.0	0.974599	0.025401	0.0
0.0	0.0	1.0	0.0
1.0	0.0	0.0	0.0
1.0	0.0	0.0	0.0
0.0	1.0	0.0	0.0
0.0	0.999996	0.0	4e-06
2e-06	0.0	0.999998	0.0
0.0	0.0	1.0	0.0
0.0	0.0	1.0	0.0
0.0	0.0	0.0	1.0
0.0	0.0	1.0	0.0
0.000108	0.0	0.999892	0.0
1e-06	0.999999	0.0	0.0
0.0	1.0	0.0	0.0
0.018719	1e-06	0.98128	0.0
0.063774	0.932796	0.001774	0.001655
0.0	6e-06	0.999994	0.0
0.999977	0.0	2.3e-05	0.0
0.0	0.999988	1.2e-05	0.0
1.0	0.0	0.0	0.0
0.999798	0.0	0.000202	0.0
1.0	0.0	0.0	0.0
1.0	0.0	0.0	0.0
1.0	0.0	0.0	0.0
0.020061	0.0	0.979939	0.0
0.0	0.0	1.0	0.0
0.0	0.0	1.0	0.0
0.0	0.993713	0.006287	0.0
0.0	1.0	0.0	0.0
1.0	0.0	0.0	0.0
0.0	1.0	0.0	0.0
0.805661	0.0	0.194339	0.0
0.000606	0.0	0.999394	0.0
0.0	0.645741	0.354259	0.0
0.0	0.0	1.0	0.0
1.0	0.0	0.0	0.0
1.0	0.0	0.0	0.0
0.0	0.0	1.0	0.0
1.0	0.0	0.0	0.0
0.0	1.0	0.0	0.0
0.998336	1e-06	0.000295	0.001368
1.0	0.0	0.0	0.0
0.0	1.0	0.0	0.0
0.0	9e-06	0.999991	0.0
0.0	1.0	0.0	0.0
0.0	1.0	0.0	0.0
0.054134	0.0	0.945866	0.0
1.0	0.0	0.0	0.0
0.969509	0.0	0.030491	0.0
1.0	0.0	0.0	0.0
0.0	0.999998	2e-06	0.0
0.0	0.0	1.0	0.0
0.0	1.0	0.0	0.0
0.0	1.0	0.0	0.0
0.0	0.9995	0.0005	0.0
0.0	1.0	0.0	0.0
0.99999	0.0	1e-05	0.0
3.2e-05	0.0	0.999968	0.0
0.0	0.999698	0.000302	0.0
0.0	1.0	0.0	0.0
0.0	0.000156	0.999844	0.0
1.0	0.0	0.0	0.0
0.0	0.0	2.1e-05	0.999978
0.0	1.0	0.0	0.0
0.0	0.0	1.0	0.0
0.0	1.0	0.0	0.0
0.0	1.0	0.0	0.0
0.0	1.0	0.0	0.0
0.0	1.0	0.0	0.0
1e-06	0.0	0.923299	0.0767
0.58397	0.0	0.41603	0.0
0.085449	0.0	0.914551	0.0
0.000781	0.001268	0.997949	2e-06
1.0	0.0	0.0	0.0
1.5e-05	3e-06	9.3e-05	0.999888
0.0	0.98375	0.01625	0.0
0.0	0.0	1.0	0.0
0.003619	0.0	0.996381	0.0
0.0	1.0	0.0	0.0
0.0	0.0	1.0	0.0
0.0	1.8e-05	0.999982	0.0
0.0	1.0	0.0	0.0
7e-06	0.0	0.999992	0.0
0.0	1.0	0.0	0.0
0.999843	0.0	0.000157	0.0
0.0	1.2e-05	0.999988	0.0
0.007726	6e-06	0.973638	0.01863
0.0	0.0	0.0	1.0
1.0	0.0	0.0	0.0
0.0	0.0	1.0	0.0
1.0	0.0	0.0	0.0
0.0	1.1e-05	0.999988	0.0
1.0	0.0	0.0	0.0
0.999997	0.0	3e-06	0.0
1.0	0.0	0.0	0.0
1.0	0.0	0.0	0.0
0.0	1.0	0.0	0.0
1.0	0.0	0.0	0.0
0.999995	1e-06	4e-06	0.0
1.0	0.0	0.0	0.0
0.0	0.0	1.0	0.0
0.630563	0.001028	0.368406	3e-06
0.0	1.0	0.0	0.0
0.0	0.0	1.0	0.0
3e-06	0.0	0.0	0.999997
0.0	2.8e-05	0.999972	0.0
0.0	0.0	0.0	1.0
0.0	0.0	1.0	0.0
0.0	0.0	1.0	0.0
1.3e-05	0.327168	0.67281	9e-06
1.0	0.0	0.0	0.0
0.046958	0.0	0.953042	0.0
1e-06	0.000473	0.999525	1e-06
0.0	1.0	0.0	0.0
0.0	0.0	1.0	0.0
0.0	0.0	1.0	0.0
0.0	1.0	0.0	0.0
0.155314	0.0	0.844686	0.0
1.0	0.0	0.0	0.0
0.0	1.0	0.0	0.0
1.0	0.0	0.0	0.0
6.8e-05	0.999763	0.000151	1.8e-05
0.941635	0.0	0.058365	0.0
0.0	0.0	1.0	0.0
0.0	0.0	1.0	0.0
0.0	5.3e-05	0.999947	0.0
0.0	0.0	1.0	0.0
0.770202	0.0	0.229798	0.0
1.0	0.0	0.0	0.0
1.0	0.0	0.0	0.0
0.0	1.0	0.0	0.0
1.0	0.0	0.0	0.0
1.0	0.0	0.0	0.0
0.0	1.0	0.0	0.0
1.0	0.0	0.0	0.0
1e-06	1e-06	0.999998	0.0
1.0	0.0	0.0	0.0
1.0	0.0	0.0	0.0
0.0	1.0	0.0	0.0
0.999886	0.0	8e-06	0.000106
0.0	1.0	0.0	0.0
0.0	1.0	0.0	0.0
0.000163	0.241522	0.758313	1e-06
0.0	0.0	1.0	0.0
1.0	0.0	0.0	0.0
0.0	0.999993	7e-06	0.0
0.0	1.0	0.0	0.0
0.08239	0.0	0.91761	0.0
0.0	1.0	0.0	0.0
0.0	1.0	0.0	0.0
0.000351	0.010691	0.988903	5.5e-05
1.0	0.0	0.0	0.0
0.000957	0.0	0.999043	0.0
0.0	0.0	1.0	0.0
0.0	1.0	0.0	0.0
1.0	0.0	0.0	0.0
0.0	1.0	0.0	0.0
0.0	1.0	0.0	0.0
0.999953	2.1e-05	8e-06	1.9e-05
0.0	1.0	0.0	0.0
0.0	1.0	0.0	0.0
0.0	1.0	0.0	0.0
0.0	0.0	1.0	0.0
0.0	1.0	0.0	0.0
1.0	0.0	0.0	0.0
0.004451	0.980813	0.011109	0.003626
0.999998	1e-06	0.0	0.0
2e-06	0.0	0.0	0.999998
0.0	0.0	1.0	0.0
1.0	0.0	0.0	0.0
0.0	1.0	0.0	0.0
1e-06	0.985144	0.014855	0.0
0.0	0.998975	0.001025	0.0
1.0	0.0	0.0	0.0
1.0	0.0	0.0	0.0
1.0	0.0	0.0	0.0
0.0	0.0	0.0	1.0
0.999951	0.0	4.8e-05	0.0
1.0	0.0	0.0	0.0
0.999998	0.0	2e-06	0.0
0.0	0.0	1.0	0.0
0.0	0.493639	0.506361	0.0
0.000651	0.0	0.999349	0.0
0.0	0.872898	0.127102	0.0
1.0	0.0	0.0	0.0
0.0	0.99999	1e-05	0.0
0.999843	0.0	0.000157	0.0
0.999988	0.0	1.2e-05	0.0
1.0	0.0	0.0	0.0
0.898203	0.0	0.101797	0.0
1.0	0.0	0.0	0.0
1.0	0.0	0.0	0.0
0.18616	0.0	0.81384	0.0
0.0	0.0	0.0	1.0
0.0	1.0	0.0	0.0
0.0	1.0	0.0	0.0
0.0	1.0	0.0	0.0
0.0	1.0	0.0	0.0
0.917807	0.0	0.082193	0.0
0.992555	0.007387	5.6e-05	2e-06
0.0	0.0	1.0	0.0
0.0	1.0	0.0	0.0
0.293926	0.0	0.706074	0.0
0.0	0.0	1.0	0.0
0.0	3e-06	1e-06	0.999995
1e-06	0.668074	0.331924	1e-06
1.0	0.0	0.0	0.0
0.999997	0.0	3e-06	0.0
0.0	1.0	0.0	0.0
1.0	0.0	0.0	0.0
1.0	0.0	0.0	0.0
0.0	0.0	0.0	1.0
0.0	0.0	1.0	0.0
0.0	0.0	1.0	0.0
1.0	0.0	0.0	0.0
0.000166	0.015001	0.98481	2.2e-05
0.0	0.999999	1e-06	0.0
1e-06	0.0	0.999999	0.0
0.0	0.0	1.0	0.0
0.0	0.0	1.0	0.0
0.02028	1e-06	0.979719	1e-06
1e-06	0.0	0.087694	0.912306
0.0	1.0	0.0	0.0
0.0	0.0	1.0	0.0
0.0	1.0	0.0	0.0
0.029536	0.0	0.970464	0.0
0.0	0.0	0.0	1.0
0.0	1.0	0.0	0.0
0.0	1.0	0.0	0.0
0.0	1.0	0.0	0.0
0.999991	0.0	9e-06	0.0
0.0	0.0	0.0	1.0
0.999999	0.0	1e-06	0.0
0.0	0.998021	0.001979	0.0
0.0	4.5e-05	0.999955	0.0
0.0	0.0	1.0	0.0
0.0	0.0	1.0	0.0
1e-06	0.0	0.0	0.999999
0.999999	0.0	1e-06	0.0
0.0	1.0	0.0	0.0
0.0	0.999999	1e-06	0.0
0.999999	0.0	0.0	0.0
0.0	0.03594	0.96406	0.0
0.0	1.0	0.0	0.0
1.0	0.0	0.0	0.0
0.0	1.0	0.0	0.0
1.0	0.0	0.0	0.0
0.0	1.0	0.0	0.0
0.0	0.0	1.0	0.0
1.0	0.0	0.0	0.0
0.0	1.0	0.0	0.0
0.0	1.0	0.0	0.0
0.0	0.0	1.0	0.0
0.0	1.0	0.0	0.0
0.0	0.99997	3e-05	0.0
1.0	0.0	0.0	0.0
1.0	0.0	0.0	0.0
0.0	1.0	0.0	0.0
0.964948	0.0	0.035052	0.0
0.0	0.203531	0.796468	0.0
1.0	0.0	0.0	0.0
0.0	1.0	0.0	0.0
1.0	0.0	0.0	0.0
0.0	1.0	0.0	0.0
0.0	1.0	0.0	0.0
0.0	1.0	0.0	0.0
0.0	1.0	0.0	0.0
0.99999	0.0	1e-05	0.0
0.0	0.0	1.0	0.0
0.0	1.0	0.0	0.0
0.0	1.0	0.0	0.0
0.0	0.0	1.0	0.0
0.0	1.0	0.0	0.0
0.980782	1.1e-05	0.019183	2.4e-05
1.0	0.0	0.0	0.0
1e-06	0.924886	0.075113	0.0
4.6e-05	0.918361	0.081439	0.000153
1.0	0.0	0.0	0.0
0.0	0.0	1.0	0.0
0.0	1.0	0.0	0.0
1e-06	0.0	0.0	0.999999
1.0	0.0	0.0	0.0
0.0	0.999996	4e-06	0.0
0.0	0.989229	0.010771	0.0
0.0	1.0	0.0	0.0
0.0	1.0	0.0	0.0
0.0	1.0	0.0	0.0
0.0	9e-06	0.999991	0.0
0.0	4e-06	0.0	0.999996
3e-06	0.0	0.999997	0.0
0.0	0.0	1.0	0.0
0.0	4e-06	0.999996	0.0
0.003012	0.001091	0.840269	0.155628
1.0	0.0	0.0	0.0
0.0	1.0	0.0	0.0
0.0	0.0	1.0	0.0
0.999999	1e-06	0.0	0.0
1.0	0.0	0.0	0.0
0.0	0.753579	0.246421	0.0
1.0	0.0	0.0	0.0
0.0	1.0	0.0	0.0
0.999998	2e-06	0.0	0.0
0.14173	0.0	0.85827	0.0
0.990422	0.0	0.009578	0.0
0.0	1.0	0.0	0.0
0.0	1.0	0.0	0.0
1.0	0.0	0.0	0.0
0.0	1.0	0.0	0.0
0.0	0.999991	9e-06	0.0
0.546742	0.41594	0.000263	0.037055
1.0	0.0	0.0	0.0
0.0	1.0	0.0	0.0
0.999999	0.0	1e-06	0.0
0.0	1.0	0.0	0.0
6.2e-05	0.139113	0.860783	4.2e-05
1.0	0.0	0.0	0.0
0.0	1.0	0.0	0.0
0.0	1.0	0.0	0.0
1e-06	0.999987	1e-05	3e-06
1.2e-05	5.2e-05	0.999935	1e-06
0.0	0.99999	1e-05	0.0
1.0	1e-06	0.0	0.0
0.999999	0.0	1e-06	0.0
0.999989	0.0	1.1e-05	0.0
1.0	0.0	0.0	0.0
0.0	5e-06	0.999995	0.0
0.338548	0.0	0.661452	0.0
0.999977	0.0	2.3e-05	0.0
0.0	0.0	1.0	0.0
0.0	8e-06	0.999992	0.0
0.0	1.0	0.0	0.0
0.0	0.0	1.0	0.0
1.0	0.0	0.0	0.0
0.0	0.0	1.0	0.0
0.0	1.0	0.0	0.0
1.0	0.0	0.0	0.0
1.0	0.0	0.0	0.0
0.999991	0.0	9e-06	0.0
0.0	0.0	0.0	1.0
0.0	1.0	0.0	0.0
1.0	0.0	0.0	0.0
0.0	1.0	0.0	0.0
0.0	1.0	0.0	0.0
1.0	0.0	0.0	0.0
0.999999	0.0	1e-06	0.0
0.0	2.2e-05	0.999978	0.0
0.0	1.0	0.0	0.0
0.999999	0.0	1e-06	0.0
4e-06	0.0	0.999996	0.0
0.0	0.0	1.0	0.0
1.0	0.0	0.0	0.0
0.0	1.0	0.0	0.0
0.000411	0.0	0.999589	0.0
0.0	1.0	0.0	0.0
1.0	0.0	0.0	0.0
0.0	1.0	0.0	0.0
0.999846	0.0	0.000154	0.0
0.999998	0.0	2e-06	0.0
0.0	0.0	1.0	0.0
0.0	0.937828	0.062172	0.0
1.0	0.0	0.0	0.0
0.0	1.0	0.0	0.0
1.0	0.0	0.0	0.0
1.0	0.0	0.0	0.0
0.0	1.0	0.0	0.0
9e-06	0.984544	0.015444	3e-06
0.0	1.0	0.0	0.0
0.999993	0.0	7e-06	0.0
0.0	1.0	0.0	0.0
0.999998	2e-06	0.0	0.0
0.03064	0.0	0.96936	0.0
5.7e-05	0.0	0.999943	0.0
0.999999	1e-06	0.0	0.0
0.000691	0.0	0.997302	0.002008
0.0	1.0	0.0	0.0
0.0	1.0	0.0	0.0
0.999995	1e-06	4e-06	0.0
0.0	3e-06	0.0	0.999997
1.0	0.0	0.0	0.0
1e-06	0.0	0.999999	0.0
1.1e-05	0.0	0.999989	0.0
1.0	0.0	0.0	0.0
0.000536	0.348633	0.650724	0.000107
1.0	0.0	0.0	0.0
0.0	1.0	0.0	0.0
1.0	0.0	0.0	0.0
1.0	0.0	0.0	0.0
0.0	0.0	1.0	0.0
1.0	0.0	0.0	0.0
0.0	0.999998	1e-06	1e-06
0.0	0.999999	1e-06	0.0
1.0	0.0	0.0	0.0
1.0	0.0	0.0	0.0
0.999999	0.0	1e-06	0.0
1.0	0.0	0.0	0.0
0.0	0.999958	4.2e-05	0.0
0.0	1.0	0.0	0.0
0.020743	0.933176	0.000434	0.045647
0.036095	0.0	0.963905	0.0
2e-06	0.0	0.0	0.999998
0.999995	0.0	5e-06	0.0
0.018526	0.0	0.981474	0.0
1.0	0.0	0.0	0.0
0.0	1.0	0.0	0.0
0.0	1.0	0.0	0.0
0.0	1.0	0.0	0.0
1.0	0.0	0.0	0.0
0.0	1.0	0.0	0.0
0.999973	0.0	2.7e-05	0.0
0.0	1.0	0.0	0.0
0.0	1.0	0.0	0.0
0.0	1.0	0.0	0.0
0.0	1.0	0.0	0.0
0.004111	0.993402	0.002479	8e-06
0.001428	0.0	0.998572	0.0
0.0	1.0	0.0	0.0
0.0	0.000115	0.999885	0.0
0.0	1.0	0.0	0.0
0.0	1.0	0.0	0.0
0.999998	0.0	2e-06	0.0
0.0	1.0	0.0	0.0
0.0	1.0	0.0	0.0
0.0	1.0	0.0	0.0
0.0	0.0	1.0	0.0
1e-06	0.999901	9.8e-05	0.0
0.0	1.0	0.0	0.0
0.0	0.949486	0.050514	0.0
1.0	0.0	0.0	0.0
1.0	0.0	0.0	0.0
0.0	1.0	0.0	0.0
0.999998	0.0	2e-06	0.0
0.0	1.0	0.0	0.0
0.0	1.0	0.0	0.0
0.000691	0.0	0.999309	0.0
1.0	0.0	0.0	0.0
1.0	0.0	0.0	0.0
0.0	1.0	0.0	0.0
0.0	0.999999	1e-06	0.0
0.0	1.0	0.0	0.0
1.0	0.0	0.0	0.0
0.0	1.0	0.0	0.0
0.0	0.000823	0.991417	0.007759
0.0	0.000125	0.999875	0.0
1.0	0.0	0.0	0.0
0.004893	0.0	0.995107	0.0
1.0	0.0	0.0	0.0
0.999999	0.0	1e-06	0.0
0.999994	0.0	6e-06	0.0
0.0	0.0	0.0	1.0
0.0	1.0	0.0	0.0
1.0	0.0	0.0	0.0
1.0	0.0	0.0	0.0
0.999999	1e-06	0.0	0.0
0.0	0.0	1.0	0.0
0.999999	1e-06	1e-06	0.0
0.0	1.0	0.0	0.0
0.999999	0.0	1e-06	0.0
0.0	1.0	0.0	0.0
1.0	0.0	0.0	0.0
0.0	1.0	0.0	0.0
0.0	1.0	0.0	0.0
0.0	0.0	1.0	0.0
1.0	0.0	0.0	0.0
1.0	0.0	0.0	0.0
0.0	0.999999	1e-06	0.0
0.0	0.999985	2e-06	1.4e-05
0.0	1.0	0.0	0.0
0.0	0.0	1.0	0.0
2e-06	0.035269	0.964729	0.0
1.0	0.0	0.0	0.0
2e-05	0.21661	0.750959	0.032411
0.0	0.0	1.0	0.0
0.0	0.0	1.0	0.0
1.0	0.0	0.0	0.0
0.0	0.0	1.0	0.0
0.0	0.0	1.0	0.0
1.0	0.0	0.0	0.0
1.0	0.0	0.0	0.0
1.0	0.0	0.0	0.0
0.051406	0.948589	5e-06	0.0
0.0	1.0	0.0	0.0
0.0	0.999633	0.000367	0.0
0.750388	0.0	0.249612	0.0
1.0	0.0	0.0	0.0
1.0	0.0	0.0	0.0
0.0	0.50733	0.49267	0.0
0.0	0.0	1.0	0.0
0.0	0.78761	0.21239	0.0
0.0	0.0	0.0	1.0
1.0	0.0	0.0	0.0
0.999995	0.0	0.0	4e-06
0.0	0.999817	0.000182	1e-06
0.999999	0.0	1e-06	0.0
0.0	1.0	0.0	0.0
0.0	1.0	0.0	0.0
4e-06	1e-06	0.999994	1e-06
0.0	0.0	0.0	1.0
1.0	0.0	0.0	0.0
0.999999	0.0	1e-06	0.0
0.0	1.0	0.0	0.0
0.999446	0.0	0.000554	0.0
3e-06	0.484482	0.018221	0.497294
0.006701	0.0	0.993299	0.0
1.0	0.0	0.0	0.0
0.000272	0.0	0.999728	0.0
1.0	0.0	0.0	0.0
0.0	0.999531	0.000469	0.0
0.0	0.0	1.0	0.0
0.0	0.0	1.0	0.0
0.0	0.0	1.0	0.0
0.999982	1.7e-05	0.0	0.0
5e-05	0.933075	0.052522	0.014353
1.0	0.0	0.0	0.0
0.0	0.318348	0.681652	0.0
0.0	1.0	0.0	0.0
0.999991	0.0	6e-06	3e-06
0.0	7e-06	0.0	0.999993
0.0	1.0	0.0	0.0
1.0	0.0	0.0	0.0
1.0	0.0	0.0	0.0
0.0	0.0	1.0	0.0
0.999999	0.0	1e-06	0.0
1.0	0.0	0.0	0.0
0.999998	0.0	2e-06	0.0
1.0	0.0	0.0	0.0
0.0	0.0	0.0	1.0
1.0	0.0	0.0	0.0
0.007084	0.0	0.992916	0.0
1.0	0.0	0.0	0.0
0.999999	1e-06	0.0	0.0
1.0	0.0	0.0	0.0
1.0	0.0	0.0	0.0
1.0	0.0	0.0	0.0
0.903378	0.0	0.096622	0.0
0.0	0.001054	0.998946	0.0
0.0	0.0	1.0	0.0
1.0	0.0	0.0	0.0
0.0	1.0	0.0	0.0
0.999999	1e-06	0.0	0.0
1.0	0.0	0.0	0.0
1.0	0.0	0.0	0.0
0.0	0.0	1.0	0.0
0.0	1.0	0.0	0.0
0.0	1.0	0.0	0.0
0.0	1.0	0.0	0.0
0.003932	0.0	0.996068	0.0
1.0	0.0	0.0	0.0
0.0	1.0	0.0	0.0
2.8e-05	0.0	0.999972	0.0
1.0	0.0	0.0	0.0
1.0	0.0	0.0	0.0
0.974546	0.0	0.025449	4e-06
0.015552	0.0	0.984448	0.0
0.0	1.0	0.0	0.0
0.0	0.000854	0.999146	0.0
1.0	0.0	0.0	0.0
0.000389	0.987877	0.01172	1.4e-05
0.0	0.0	1.0	0.0
1.0	0.0	0.0	0.0
1.0	0.0	0.0	0.0
0.99998	8e-06	0.0	1.2e-05
1.0	0.0	0.0	0.0
1.0	0.0	0.0	0.0
1e-06	0.0	0.999999	0.0
0.0	0.0	1.0	0.0
0.0	0.0	1.0	0.0
0.0	0.0	1.0	0.0
1.0	0.0	0.0	0.0
0.0	0.0	1.0	0.0
0.0	1.0	0.0	0.0
0.000442	0.0	0.999558	0.0
1.0	0.0	0.0	0.0
1.0	0.0	0.0	0.0
0.0	1.0	0.0	0.0
0.980155	1e-06	0.019844	0.0
0.000754	0.0	0.999246	0.0
0.673125	0.0	0.326875	0.0
0.0	1.0	0.0	0.0
1.0	0.0	0.0	0.0
0.0	1.0	0.0	0.0
0.0	0.0	0.0	1.0
0.0	0.0	1.0	0.0
1e-06	0.0	0.0	0.999999
1.0	0.0	0.0	0.0
1.0	0.0	0.0	0.0
0.0	1.0	0.0	0.0
0.000399	0.999601	0.0	0.0
0.0	3.8e-05	0.999962	0.0
0.0	1.0	0.0	0.0
1.0	0.0	0.0	0.0
0.0	0.999999	0.0	1e-06
1.0	0.0	0.0	0.0
1.0	0.0	0.0	0.0
0.0	0.0	1.0	0.0
1e-06	0.0	0.0	0.999999
0.999997	0.0	3e-06	0.0
0.999959	0.0	4.1e-05	0.0
1.0	0.0	0.0	0.0
0.038046	0.0	0.961954	0.0
0.0	1.0	0.0	0.0
0.999998	2e-06	0.0	0.0
0.0	0.001009	0.998991	0.0
0.0	0.0	0.0	1.0
0.0	1.0	0.0	0.0
0.0	0.0	1.0	0.0
0.999999	0.0	1e-06	0.0
1.0	0.0	0.0	0.0
0.0	1.0	0.0	0.0
0.006592	1.2e-05	0.0	0.993396
0.0	0.999956	4.4e-05	0.0
1.0	0.0	0.0	0.0
0.999999	0.0	1e-06	0.0
0.0	1.0	0.0	0.0
1.0	0.0	0.0	0.0
1.0	0.0	0.0	0.0
0.0	1.0	0.0	0.0
0.999994	0.0	6e-06	0.0
0.0	0.999961	3.9e-05	0.0
0.0	0.007212	0.992788	0.0
1.0	0.0	0.0	0.0
1.0	0.0	0.0	0.0
0.999999	0.0	0.0	0.0
0.0	1.0	0.0	0.0
1.0	0.0	0.0	0.0
0.0	1e-06	0.999999	0.0
1.0	0.0	0.0	0.0
0.0	1.0	0.0	0.0
0.0	1.0	0.0	0.0
0.0	1.0	0.0	0.0
0.0	0.0	0.0	1.0
0.0	1.0	0.0	0.0
1.0	0.0	0.0	0.0
0.0	0.0	1.0	0.0
1.0	0.0	0.0	0.0
0.0	1.0	0.0	0.0
0.0	1.0	0.0	0.0
0.0	1.0	0.0	0.0
0.550755	0.0	0.449245	0.0
0.999998	2e-06	0.0	0.0
1.0	0.0	0.0	0.0
1.0	0.0	0.0	0.0
0.0	0.0	1.0	0.0
0.0	1.0	0.0	0.0
0.0	1.0	0.0	0.0
1.0	0.0	0.0	0.0
0.0	1.0	0.0	0.0
1.0	0.0	0.0	0.0
0.0	0.0	1.0	0.0
0.001064	0.0	0.998936	0.0
2.8e-05	0.863324	0.136644	4e-06
0.0	1.0	0.0	0.0
0.0	1.0	0.0	0.0
0.0	0.0	1.0	0.0
0.0	1.0	0.0	0.0
1.0	0.0	0.0	0.0
0.0	0.0	0.0	1.0
0.999984	1e-05	6e-06	0.0
0.0	0.0	1.0	0.0
1.0	0.0	0.0	0.0
0.999995	0.0	5e-06	0.0
9e-06	0.0	0.999991	0.0
1.0	0.0	0.0	0.0
1.0	0.0	0.0	0.0
0.999996	0.0	4e-06	0.0
0.0	0.999998	2e-06	0.0
1.0	0.0	0.0	0.0
1.0	0.0	0.0	0.0
0.999998	0.0	2e-06	0.0
1.0	0.0	0.0	0.0
0.0	0.591119	0.408881	0.0
0.0	0.0	1.0	0.0
0.0	1.0	0.0	0.0
0.037916	0.0	0.962084	0.0
0.0	1.0	0.0	0.0
0.0	0.000308	0.999692	0.0
0.0	0.0	1.0	0.0
0.0	1.0	0.0	0.0
0.011525	0.0	0.988475	0.0
0.999995	0.0	5e-06	0.0
1.0	0.0	0.0	0.0
4e-06	0.001263	0.998733	0.0
1.0	0.0	0.0	0.0
1.0	0.0	0.0	0.0
0.0	0.0	1.0	0.0
1.0	0.0	0.0	0.0
0.991413	0.0	0.008587	0.0
1.0	0.0	0.0	0.0
0.0	0.0	1.0	0.0
0.999999	0.0	0.0	0.0
0.0	1.0	0.0	0.0
0.999998	0.0	0.0	1e-06
1.0	0.0	0.0	0.0
0.0	1.0	0.0	0.0
1.0	0.0	0.0	0.0
0.999999	0.0	1e-06	0.0
0.0	0.0	1.0	0.0
6e-06	0.0	0.999994	0.0
0.977205	0.0	0.022795	0.0
0.999999	0.0	0.0	0.0
0.0	0.0	1.0	0.0
0.0	0.249959	0.750041	0.0
4e-06	0.578734	0.421262	0.0
0.0	1.0	0.0	0.0
0.999999	1e-06	0.0	0.0
0.0	1.0	0.0	0.0
0.0	0.999998	1e-06	0.0
0.0	0.999999	1e-06	0.0
0.0	0.0	0.0	1.0
0.999999	1e-06	0.0	0.0
0.0	1.0	0.0	0.0
6e-06	2e-06	8.4e-05	0.999909
0.0	1.0	0.0	0.0
1.0	0.0	0.0	0.0
1.0	0.0	0.0	0.0
0.0	0.0	1.0	0.0
1e-06	2e-06	0.999997	0.0
0.0	0.0	1.0	0.0
1.0	0.0	0.0	0.0
0.0	0.999386	0.000614	0.0
1.0	0.0	0.0	0.0
1.0	0.0	0.0	0.0
0.0	1.0	0.0	0.0
0.0	0.0	1.0	0.0
0.0	1e-06	0.0	0.999999
0.0	1.0	0.0	0.0
0.0	1.0	0.0	0.0
0.999333	0.0	0.000661	6e-06
0.0	0.0	1.0	0.0
0.0	3.4e-05	0.0	0.999965
0.0	1.0	0.0	0.0
0.0	1.0	0.0	0.0
0.0	1.0	0.0	0.0
0.0	1.0	0.0	0.0
1.0	0.0	0.0	0.0
0.0	1.0	0.0	0.0
0.0	1.0	0.0	0.0
0.0	0.999107	0.000893	0.0
0.0	1.0	0.0	0.0
0.0	0.0	1.0	0.0
0.0	0.0	0.0	1.0
0.0	1.0	0.0	0.0
0.0	3e-06	0.999997	0.0
0.0	0.0	0.0	1.0
0.0	1.0	0.0	0.0
0.0	0.0	1.0	0.0
0.0	0.0	1.0	0.0
1.0	0.0	0.0	0.0
0.999999	0.0	1e-06	0.0
0.0	1.0	0.0	0.0
1.0	0.0	0.0	0.0
0.0	1.0	0.0	0.0
0.999998	0.0	2e-06	0.0
0.0	0.0	1.0	0.0
0.0	0.001263	1e-06	0.998736
2e-06	0.0	0.999998	0.0
0.0	1.0	0.0	0.0
0.0	1.0	0.0	0.0
1.0	0.0	0.0	0.0
1.0	0.0	0.0	0.0
0.999998	0.0	2e-06	0.0
0.0	1.0	0.0	0.0
2.4e-05	0.0	0.0	0.999976
0.0	1.0	0.0	0.0
0.0	0.0	1.0	0.0
0.0	1.0	0.0	0.0
0.0	0.0	1.0	0.0
0.999999	0.0	1e-06	0.0
1.0	0.0	0.0	0.0
1.0	0.0	0.0	0.0
0.0	1.0	0.0	0.0
1.0	0.0	0.0	0.0
0.0	7.5e-05	0.999925	0.0
0.999996	0.0	4e-06	0.0
0.0	1.0	0.0	0.0
0.0	0.0	1.0	0.0
0.999988	0.0	1.2e-05	0.0
0.0	0.0	1.0	0.0
0.0	1.0	0.0	0.0
0.999999	0.0	1e-06	0.0
1.0	0.0	0.0	0.0
0.0	0.869604	0.130396	0.0
0.000584	0.498557	0.500449	0.00041
0.999999	0.0	1e-06	0.0
0.000817	0.0	0.999183	0.0
0.0	0.0	1.0	0.0
1.0	0.0	0.0	0.0
0.0	0.0	1.0	0.0
0.0	0.0	1.0	0.0
0.0	0.0	1.0	0.0
0.0	1.0	0.0	0.0
1.0	0.0	0.0	0.0
0.004621	0.0	0.995379	0.0
0.999998	0.0	2e-06	0.0
0.0	1.0	0.0	0.0
0.0	0.0	1.0	0.0
0.0	0.0	0.0	1.0
1.0	0.0	0.0	0.0
1.0	0.0	0.0	0.0
0.0	1.0	0.0	0.0
0.0	1.0	0.0	0.0
0.0	1.0	0.0	0.0
0.171291	0.0	0.828709	0.0
0.999985	0.0	1.5e-05	0.0
0.0	0.00109	0.998909	1e-06
0.0	0.987275	0.012725	0.0
0.0	0.999916	8.3e-05	1e-06
1.0	0.0	0.0	0.0
4.3e-05	0.091912	0.908034	1.1e-05
0.999948	3.6e-05	1.6e-05	0.0
1.0	0.0	0.0	0.0
0.0	0.0	1.0	0.0
0.0	1.0	0.0	0.0
1.0	0.0	0.0	0.0
0.999999	0.0	1e-06	0.0
1.0	0.0	0.0	0.0
0.0	1.0	0.0	0.0
0.0	1.0	0.0	0.0
0.0	1.0	0.0	0.0
0.999991	0.0	6e-06	3e-06
0.0	0.0	1.0	0.0
0.0	5e-06	3e-06	0.999991
1.0	0.0	0.0	0.0
1.0	0.0	0.0	0.0
0.0	1.0	0.0	0.0
1.0	0.0	0.0	0.0
0.0	0.0	1.0	0.0
0.0	1.0	0.0	0.0
0.99999	0.0	1e-05	0.0
1.0	0.0	0.0	0.0
0.0	1.0	0.0	0.0
0.0	0.0	0.0	1.0
1.0	0.0	0.0	0.0
0.0	1.0	0.0	0.0
1.0	0.0	0.0	0.0
1.0	0.0	0.0	0.0
0.999999	1e-06	0.0	0.0
1.0	0.0	0.0	0.0
0.0	1.0	0.0	0.0
0.0	0.0	1.0	0.0
0.0	1.0	0.0	0.0
0.999999	0.0	1e-06	0.0
1.0	0.0	0.0	0.0
0.0	1.0	0.0	0.0
1.0	0.0	0.0	0.0
1.0	0.0	0.0	0.0
0.0	1.0	0.0	0.0
1.0	0.0	0.0	0.0
0.0	1.0	0.0	0.0
0.0	0.018552	2.7e-05	0.981421
0.0	1.0	0.0	0.0
1.0	0.0	0.0	0.0
0.999999	0.0	1e-06	0.0
0.999973	0.0	2.7e-05	0.0
1.0	0.0	0.0	0.0
1.0	0.0	0.0	0.0
0.0	1.7e-05	0.999983	0.0
0.0	0.999976	3e-06	2.2e-05
1.0	0.0	0.0	0.0
0.0	0.0	1.0	0.0
1.0	0.0	0.0	0.0
0.0	0.0	0.0	1.0
0.0	1.0	0.0	0.0
0.0	1.0	0.0	0.0
2.3e-05	0.0	0.999977	0.0
0.000418	0.0	0.999582	0.0
0.0	0.0	0.0	1.0
1.0	0.0	0.0	0.0
0.0	0.0	1.0	0.0
0.0	1.0	0.0	0.0
0.0	1.0	0.0	0.0
0.0	1.0	0.0	0.0
0.0	0.999968	3.2e-05	0.0
0.999998	0.0	2e-06	0.0
0.999993	0.0	7e-06	0.0
0.99985	0.0	0.00015	0.0
0.0	1.0	0.0	0.0
2e-06	0.0	4.6e-05	0.999952
1.0	0.0	0.0	0.0
1.0	0.0	0.0	0.0
0.0	0.999996	4e-06	0.0
0.0	0.0	1.0	0.0
0.0	1.0	0.0	0.0
0.0	1.0	0.0	0.0
0.0	0.999986	1.4e-05	0.0
0.999993	0.0	7e-06	0.0
0.0	1.0	0.0	0.0
0.0	0.0	1.0	0.0
0.000323	0.0	0.999677	0.0
0.0	0.0	1.0	0.0
0.0	1.0	0.0	0.0
0.0	1.0	0.0	0.0
0.999997	2e-06	2e-06	0.0
0.999996	0.0	4e-06	0.0
0.0	0.0	0.0	1.0
0.0	1.0	0.0	0.0
0.0	0.988886	0.011057	5.6e-05
1.0	0.0	0.0	0.0
0.0	1.0	0.0	0.0
0.0	0.999973	2.6e-05	0.0
1.0	0.0	0.0	0.0
4.7e-05	0.0	1e-06	0.999952
0.0	0.0	1.0	0.0
0.0	0.999685	0.000315	0.0
0.0	1.0	0.0	0.0
0.0	1.0	0.0	0.0
1e-06	0.0	0.999999	0.0
1.0	0.0	0.0	0.0
0.0	1.0	0.0	0.0
0.0	1.0	0.0	0.0
0.0	0.0	1.0	0.0
0.0	1.0	0.0	0.0
0.0	0.999998	2e-06	0.0
0.0	0.99999	1e-05	0.0
1.0	0.0	0.0	0.0
1.0	0.0	0.0	0.0
1.0	0.0	0.0	0.0
1.0	0.0	0.0	0.0
1.0	0.0	0.0	0.0
0.999997	0.0	3e-06	0.0
1.0	0.0	0.0	0.0
0.999999	1e-06	0.0	0.0
1.0	0.0	0.0	0.0
0.0	0.0	0.0	1.0
1.0	0.0	0.0	0.0
0.0	0.999999	1e-06	0.0
1.0	0.0	0.0	0.0
1.0	0.0	0.0	0.0
1.0	0.0	0.0	0.0
0.0	0.001132	0.998868	0.0
0.0	0.0	1.0	0.0
0.0	1.0	0.0	0.0
0.000358	0.0	0.999642	0.0
0.0	1.0	0.0	0.0
0.0	0.0	1.0	0.0
0.0	1.0	0.0	0.0
1.0	0.0	0.0	0.0
0.0	0.0	1.0	0.0
0.999998	1e-06	0.0	0.0
1.0	0.0	0.0	0.0
0.978762	0.0	0.021238	0.0
0.0	0.0	1.0	0.0
0.0	1.0	0.0	0.0
0.0	1.0	0.0	0.0
0.0	1.0	0.0	0.0
1.0	0.0	0.0	0.0
0.999905	0.0	9.5e-05	0.0
0.0	1.0	0.0	0.0
1.0	0.0	0.0	0.0
0.0	1e-06	0.999999	0.0
1.0	0.0	0.0	0.0
0.626547	0.002264	0.369366	0.001824
2.2e-05	0.0	0.999978	0.0
1.0	0.0	0.0	0.0
0.0	1.0	0.0	0.0
0.999987	0.0	1.3e-05	0.0
8.8e-05	0.0	0.999912	0.0
1.0	0.0	0.0	0.0
0.999995	0.0	5e-06	0.0
0.0	1.0	0.0	0.0
1.0	0.0	0.0	0.0
0.0	1.0	0.0	0.0
0.0	1.0	0.0	0.0
0.0	1.0	0.0	0.0
0.05518	0.0	0.94482	0.0
0.0	0.0	1.0	0.0
1.0	0.0	0.0	0.0
1.0	0.0	0.0	0.0
1.0	0.0	0.0	0.0
0.999999	1e-06	0.0	0.0
0.0	0.007969	0.983047	0.008985
0.0	0.0	1.0	0.0
0.0	1.0	0.0	0.0
0.0	0.970398	0.029602	0.0
0.0	1.0	0.0	0.0
0.999972	2e-06	2.6e-05	0.0
1.0	0.0	0.0	0.0
0.0	0.999999	0.0	0.0
0.0	1.0	0.0	0.0
0.999994	1e-06	5e-06	0.0
0.0	1e-06	0.0	0.999999
0.0	0.999884	0.000116	0.0
1.0	0.0	0.0	0.0
0.0	1.0	0.0	0.0
0.0	0.0	1.0	0.0
0.999999	0.0	0.0	0.0
0.00087	8e-05	0.998237	0.000812
1.0	0.0	0.0	0.0
0.999993	0.0	7e-06	0.0
1.0	0.0	0.0	0.0
0.0	0.0	1.0	0.0
0.0	0.0	1.0	0.0
1e-06	0.999954	4.5e-05	0.0
0.954083	0.039358	0.00656	0.0
0.0	1.0	0.0	0.0
1.0	0.0	0.0	0.0
0.0	0.004341	0.995659	0.0
0.0	1.0	0.0	0.0
0.0	0.999985	1.5e-05	0.0
0.649673	0.0	0.350327	0.0
1.0	0.0	0.0	0.0
0.0001	0.0	0.9999	0.0
0.0	1.0	0.0	0.0
1.0	0.0	0.0	0.0
0.417914	0.0	0.582086	0.0
0.0	0.0	0.0	1.0
1.0	0.0	0.0	0.0
0.0	0.0	1.0	0.0
0.0	1.0	0.0	0.0
0.0	0.995336	0.004664	0.0
0.0	1.0	0.0	0.0
0.0	1.0	0.0	0.0
0.999999	0.0	1e-06	0.0
0.0	1.0	0.0	0.0
1.0	0.0	0.0	0.0
0.0	0.0	1.0	0.0
0.0	1.0	0.0	0.0
1.0	0.0	0.0	0.0
0.999999	0.0	1e-06	0.0
0.999866	0.0	0.000134	0.0
0.0	1.0	0.0	0.0
0.999988	0.0	1.2e-05	0.0
0.185198	0.582064	0.232661	7.8e-05
0.990841	0.0	0.009159	0.0
0.732302	4e-06	0.267651	4.4e-05
0.0	0.0	0.999998	2e-06
1.0	0.0	0.0	0.0
0.0	2e-06	0.999998	0.0
0.0	1.0	0.0	0.0
1.0	0.0	0.0	0.0
0.0	1.0	0.0	0.0
1.0	0.0	0.0	0.0
0.908848	0.0	0.091152	0.0
0.0	1.0	0.0	0.0
0.0	0.0	1.0	0.0
0.0	0.0	0.0	1.0
1.0	0.0	0.0	0.0
3e-06	0.0	0.999997	0.0
1.0	0.0	0.0	0.0
1.1e-05	0.0	0.0	0.999989
1.0	0.0	0.0	0.0
0.0	0.0	0.0	1.0
0.999902	0.0	9.7e-05	0.0
0.0	0.0	1.0	0.0
1.0	0.0	0.0	0.0
0.999976	0.0	2.4e-05	0.0
0.0	1.0	0.0	0.0
0.0	0.0	0.0	1.0
0.0	1.0	0.0	0.0
1.0	0.0	0.0	0.0
0.0	0.0	1.0	0.0
0.999999	0.0	0.0	0.0
0.0	0.999999	1e-06	0.0
1.0	0.0	0.0	0.0
1.0	0.0	0.0	0.0
0.0	0.999995	4e-06	1e-06
3.9e-05	0.0	0.999961	0.0
2e-06	0.997738	0.002228	3.2e-05
0.0	0.0	0.0	1.0
0.0	1.0	0.0	0.0
0.0	1.0	0.0	0.0
0.0	1.0	0.0	0.0
0.0	0.0	1.0	0.0
0.0	1.0	0.0	0.0
0.0	0.0	0.000417	0.999583
0.999999	0.0	0.0	1e-06
0.0	0.0	1.0	0.0
0.0	0.0	1.0	0.0
0.0	0.999993	7e-06	0.0
0.0	0.0	1.0	0.0
0.0	0.0	1.0	0.0
0.000189	0.0	0.999809	2e-06
4.2e-05	0.999922	1e-06	3.5e-05
0.0	1.0	0.0	0.0
1.0	0.0	0.0	0.0
0.999983	0.0	1.7e-05	0.0
1.0	0.0	0.0	0.0
0.475728	8.6e-05	0.523379	0.000806
0.0	5e-06	0.999995	0.0
9e-06	0.0	0.000964	0.999027
0.0	0.0	1.0	0.0
0.0	0.0	0.0	1.0
1.0	0.0	0.0	0.0
1.0	0.0	0.0	0.0
0.144196	0.000116	0.855673	1.4e-05
0.0	1.0	0.0	0.0
0.0	0.0	0.0	1.0
0.003474	0.0	0.996526	0.0
1.0	0.0	0.0	0.0
0.0	0.999534	0.000466	0.0
0.0	0.00054	0.99946	0.0
0.999999	0.0	0.0	1e-06
0.0	1.0	0.0	0.0
1.0	0.0	0.0	0.0
0.999999	0.0	0.0	1e-06
0.331227	0.0	0.668773	0.0
0.0	0.999998	2e-06	0.0
0.999999	0.0	1e-06	0.0
0.00014	0.996975	0.002819	6.6e-05
0.0	0.0	1.0	0.0
0.0	1.0	0.0	0.0
1.0	0.0	0.0	0.0
1.0	0.0	0.0	0.0
0.0	1.0	0.0	0.0
0.999997	0.0	2e-06	0.0
0.0	0.0	1.0	0.0
1.0	0.0	0.0	0.0
0.999999	0.0	1e-06	0.0
0.0	0.0	1.0	0.0
0.0	1.0	0.0	0.0
0.000128	0.0	0.999872	0.0
0.0	0.0	1.0	0.0
0.0	1.0	0.0	0.0
4.4e-05	0.999658	0.000288	9e-06
1.0	0.0	0.0	0.0
1.0	0.0	0.0	0.0
0.0	0.999965	3.5e-05	0.0
0.0	0.0	1.0	0.0
0.0	1.0	0.0	0.0
5e-06	5.1e-05	0.999944	0.0
0.0	1.0	0.0	0.0
1.0	0.0	0.0	0.0
0.0	1.0	0.0	0.0
1.0	0.0	0.0	0.0
0.999998	0.0	0.0	1e-06
0.0	1.0	0.0	0.0
0.0	1.0	0.0	0.0
1.0	0.0	0.0	0.0
1.0	0.0	0.0	0.0
0.0	1.0	0.0	0.0
0.0	0.0	1.0	0.0
0.958622	0.0	0.041378	0.0
0.999953	0.0	1e-06	4.7e-05
0.0	0.0	0.0	1.0
0.0	7e-06	0.999993	0.0
1.0	0.0	0.0	0.0
1.0	0.0	0.0	0.0
1.0	0.0	0.0	0.0
1.0	0.0	0.0	0.0
0.0	0.000176	0.0	0.999824
0.0	0.994505	0.005495	0.0
0.0	1.0	0.0	0.0
0.0	0.0	1.0	0.0
0.00654	0.0	0.99346	0.0
0.0	0.0	1.0	0.0
0.999998	0.0	2e-06	0.0
0.999998	0.0	2e-06	0.0
1.0	0.0	0.0	0.0
0.0	1.0	0.0	0.0
0.040059	0.0	0.959942	0.0
0.999999	0.0	1e-06	0.0
0.99999	0.0	0.0	9e-06
1.0	0.0	0.0	0.0
0.0	0.0	1.0	0.0
0.0	1.0	0.0	0.0
1.0	0.0	0.0	0.0
1.0	0.0	0.0	0.0
0.013997	0.0	0.986003	0.0
0.0	1e-06	0.999999	0.0
1.2e-05	1e-06	0.999986	1e-06
0.000868	0.0	0.999132	0.0
0.0	1.0	0.0	0.0
0.0	1.0	0.0	0.0
0.202205	3e-06	0.797792	0.0
1.0	0.0	0.0	0.0
0.0	0.707688	0.292312	0.0
0.0	0.221268	0.778732	0.0
0.0	1.0	0.0	0.0
0.00918	0.0	0.99082	0.0
0.0	0.004323	0.995677	0.0
0.0	1.0	0.0	0.0
0.0	0.000374	0.999626	0.0
0.0	0.0	1.0	0.0
1.0	0.0	0.0	0.0
2e-06	0.0	0.999998	0.0
1.0	0.0	0.0	0.0
0.0	0.0	1.0	0.0
0.999998	0.0	1e-06	1e-06
1.0	0.0	0.0	0.0
0.0	0.999977	2.3e-05	0.0
2.3e-05	0.0	0.999977	0.0
0.0	1.0	0.0	0.0
0.999999	0.0	1e-06	0.0
0.999932	0.0	6.8e-05	0.0
0.0	0.999999	1e-06	0.0
0.0	0.0	1.0	0.0
0.0	1.0	0.0	0.0
1.0	0.0	0.0	0.0
0.0	1.0	0.0	0.0
0.0	0.0	1.0	0.0
0.0	0.999857	0.000143	0.0
1e-06	0.0	0.999998	0.0
0.0	0.0	1.0	0.0
0.999997	0.0	3e-06	0.0
1.0	0.0	0.0	0.0
0.0	1.0	0.0	0.0
0.0	1.0	0.0	0.0
0.999805	0.0	0.000195	0.0
0.939408	0.0	0.060592	0.0
0.0	1.0	0.0	0.0
2e-06	0.0	0.0	0.999998
0.0	0.999833	0.000167	0.0
0.0	0.0	1.0	0.0
0.999834	0.0	0.000166	0.0
0.0	0.0	1.0	0.0
0.0	0.0	1.0	0.0
0.0	1.0	0.0	0.0
0.0	0.0	0.0	1.0
0.0	1.0	0.0	0.0
1.0	0.0	0.0	0.0
0.0	1.0	0.0	0.0
0.0	1.0	0.0	0.0
0.0	1.0	0.0	0.0
0.0	0.0	1.0	0.0
0.0	1.0	0.0	0.0
5.9e-05	0.0	3.9e-05	0.999902
0.0	0.0	1.0	0.0
0.998347	0.0	0.001653	0.0
0.0	0.999998	2e-06	0.0
0.00031	0.858583	0.141105	2e-06
0.141653	0.0	0.858347	0.0
0.0	1.0	0.0	0.0
0.0	1.0	0.0	0.0
0.0	0.0	1.0	0.0
1.0	0.0	0.0	0.0
0.0	1.0	0.0	0.0
0.0	1.0	0.0	0.0
1.0	0.0	0.0	0.0
0.999986	0.0	1.4e-05	0.0
0.0	1.0	0.0	0.0
1.0	0.0	0.0	0.0
0.0	0.0	1.0	0.0
0.984885	4.3e-05	0.015072	0.0
0.0	0.000245	0.0	0.999754
1.0	0.0	0.0	0.0
1.0	0.0	0.0	0.0
0.0	1.0	0.0	0.0
0.0	1.0	0.0	0.0
0.999995	4e-06	0.0	1e-06
1.0	0.0	0.0	0.0
0.331557	0.0	0.668442	0.0
0.0	0.999993	0.0	7e-06
0.0	0.999992	8e-06	0.0
0.0	1.0	0.0	0.0
0.0	1.0	0.0	0.0
0.999999	0.0	1e-06	0.0
0.985647	2.5e-05	0.003583	0.010745
1.0	0.0	0.0	0.0
0.0	1.0	0.0	0.0
0.999998	0.0	2e-06	0.0
0.0	1.0	0.0	0.0
1.0	0.0	0.0	0.0
0.065236	0.0	0.934764	0.0
1.0	0.0	0.0	0.0
1.0	0.0	0.0	0.0
0.447287	0.0	0.552713	0.0
0.0	0.0	0.0	1.0
0.000204	0.993871	0.005203	0.000722
1.0	0.0	0.0	0.0
0.0	0.0	1.0	0.0
1.0	0.0	0.0	0.0
0.0	0.999867	0.000107	2.6e-05
0.0	1.0	0.0	0.0
1.0	0.0	0.0	0.0
0.0	1.0	0.0	0.0
0.0	1.0	0.0	0.0
0.0	1.0	0.0	0.0
0.0	1.0	0.0	0.0
0.0	0.999999	1e-06	0.0
0.238606	0.0	0.761394	0.0
1.0	0.0	0.0	0.0
0.0	1.0	0.0	0.0
0.0	0.0	0.0	1.0
0.0	0.0	0.0	1.0
0.0	1.0	0.0	0.0
0.0	0.0	1.0	0.0
0.481803	0.0	0.518197	0.0
1.0	0.0	0.0	0.0
0.0	1.0	0.0	0.0
1.0	0.0	0.0	0.0
0.0	0.0	1.0	0.0
1.0	0.0	0.0	0.0
1.0	0.0	0.0	0.0
0.0	1.0	0.0	0.0
0.0	1.0	0.0	0.0
1.0	0.0	0.0	0.0
0.0	0.0	1.0	0.0
1.0	0.0	0.0	0.0
0.0	5.4e-05	0.999944	1e-06
0.0	1.0	0.0	0.0
1.0	0.0	0.0	0.0
1.0	0.0	0.0	0.0
1e-06	0.999999	0.0	0.0
0.0	0.0	1.0	0.0
0.031254	0.0	0.968746	0.0
0.960415	0.0	0.039585	0.0
0.0	1.0	0.0	0.0
1.0	0.0	0.0	0.0
0.0	1.0	0.0	0.0
0.0	1.0	0.0	0.0
0.0	1.0	0.0	0.0
1.0	0.0	0.0	0.0
0.0	1.0	0.0	0.0
0.999996	0.0	4e-06	0.0
0.0	0.999992	8e-06	0.0
0.0	0.999998	2e-06	0.0
1e-06	0.99998	1.6e-05	3e-06
0.679674	0.0	0.320326	0.0
0.0	0.0	1.0	0.0
1.0	0.0	0.0	0.0
1.0	0.0	0.0	0.0
0.714454	0.0	0.285546	0.0
0.0	0.0	1.0	0.0
0.999999	0.0	1e-06	0.0
0.0	1.0	0.0	0.0
0.0	1.0	0.0	0.0
1.0	0.0	0.0	0.0
1.0	0.0	0.0	0.0
0.0	0.0	0.0	0.999999
1.0	0.0	0.0	0.0
0.0	1.0	0.0	0.0
0.0	0.0	1.0	0.0
1.0	0.0	0.0	0.0
1.0	0.0	0.0	0.0
0.0	0.0	1.0	0.0
0.999999	0.0	1e-06	0.0
1.0	0.0	0.0	0.0
0.0	0.0	1.0	0.0
0.0	0.0	0.0	1.0
0.0	0.0	1.0	0.0
1.0	0.0	0.0	0.0
1.0	0.0	0.0	0.0
1.0	0.0	0.0	0.0
0.0	1.0	0.0	0.0
0.0	1.0	0.0	0.0
0.0	1.0	0.0	0.0
1.0	0.0	0.0	0.0
0.0	0.0	0.0	1.0
0.0	0.000227	0.999773	0.0
0.999999	1e-06	0.0	0.0
1.0	0.0	0.0	0.0
0.005082	0.0	0.994918	0.0
0.0	0.0	1.0	0.0
1.0	0.0	0.0	0.0
0.000271	0.001121	0.000154	0.998454
0.0	0.99774	0.002259	0.0
0.0	0.0	1.0	0.0
0.0	0.999978	2.2e-05	0.0
0.0	0.0	1.0	0.0
0.0	0.0	1.0	0.0
0.0	1.0	0.0	0.0
0.0	1.6e-05	0.999984	0.0
0.0	0.0	1.0	0.0
1.0	0.0	0.0	0.0
1.0	0.0	0.0	0.0
0.0	0.999999	1e-06	0.0
1.0	0.0	0.0	0.0
0.999994	5e-06	1e-06	0.0
0.0	0.0	1.0	0.0
0.0	0.0	1.0	0.0
1.0	0.0	0.0	0.0
0.0	1.0	0.0	0.0
2e-06	0.0	0.999854	0.000144
0.999999	1e-06	1e-06	0.0
0.0	0.0	1.0	0.0
0.0	0.058859	0.0	0.941141
0.0	1.0	0.0	0.0
1.0	0.0	0.0	0.0
0.937422	0.0	0.062579	0.0
0.0	0.999956	4.3e-05	0.0
0.0	1.0	0.0	0.0
0.0	1.0	0.0	0.0
0.0	0.0	1.0	0.0
0.4246	0.0	0.5754	0.0
0.0	0.999999	0.0	0.0
0.0	1.0	0.0	0.0
0.0	0.999999	1e-06	0.0
1.0	0.0	0.0	0.0
0.0	0.0	1.0	0.0
0.0	0.0	1.0	0.0
0.0	0.999996	4e-06	0.0
0.0	0.0	0.0	1.0
0.999993	0.0	7e-06	0.0
0.0	0.000752	0.999248	0.0
1.0	0.0	0.0	0.0
1.0	0.0	0.0	0.0
1.0	0.0	0.0	0.0
0.0	0.0	0.0	1.0
0.0	1.0	0.0	0.0
0.0	0.0	1.0	0.0
0.999998	0.0	1e-06	0.0
0.0	1.0	0.0	0.0
0.999997	0.0	0.0	2e-06
0.000626	0.227352	0.772022	0.0
0.999987	1e-06	1.3e-05	0.0
0.0	1.0	0.0	0.0
0.0	1.0	0.0	0.0
0.999969	0.0	0.0	3.1e-05
0.997204	0.0	0.0	0.002796
1.0	0.0	0.0	0.0
0.0	1.0	0.0	0.0
1.0	0.0	0.0	0.0
1.0	0.0	0.0	0.0
0.0	0.999696	0.000304	1e-06
0.0	0.999985	1.5e-05	0.0
0.0	0.999998	2e-06	0.0
1.0	0.0	0.0	0.0
0.000119	0.000235	0.47923	0.520416
0.0	0.0	1.0	0.0
1.0	0.0	0.0	0.0
0.0	1.0	0.0	0.0
0.984238	0.0	0.015762	0.0
0.0	1.0	0.0	0.0
1.0	0.0	0.0	0.0
0.001368	0.99578	0.002185	0.000667
0.0	1.0	0.0	0.0
0.0	1.0	0.0	0.0
0.0	1.0	0.0	0.0
0.0	1.0	0.0	0.0
0.003974	0.0	0.996026	0.0
0.0	0.0	1.0	0.0
0.064784	0.0	0.935216	0.0
0.0	0.0	1e-06	0.999999
1.0	0.0	0.0	0.0
0.99989	0.0	0.00011	0.0
0.999999	0.0	1e-06	0.0
0.0	1.0	0.0	0.0
0.0	1.0	0.0	0.0
0.0	0.021409	0.978591	0.0
0.0	0.0	1.0	0.0
1.0	0.0	0.0	0.0
0.999999	0.0	1e-06	0.0
0.0	1.0	0.0	0.0
0.999197	5e-06	0.0	0.000798
0.0	0.999999	1e-06	0.0
0.001197	0.0	0.0	0.998803
0.0	3e-06	0.999997	0.0
0.0	1.0	0.0	0.0
0.0	1.0	0.0	0.0
4.6e-05	0.0	0.999954	0.0
0.999999	0.0	0.0	1e-06
0.999999	0.0	1e-06	0.0
0.999999	0.0	1e-06	0.0
1.0	0.0	0.0	0.0
0.0	0.999932	6.8e-05	0.0
1.0	0.0	0.0	0.0
0.000142	0.0	0.999858	0.0
0.0	0.0	0.0	1.0
0.0	0.0	0.999999	1e-06
0.0	0.999643	0.000357	0.0
3.8e-05	0.0	0.999962	0.0
1.0	0.0	0.0	0.0
0.0	0.0	0.0	1.0
0.0	0.0	0.0	1.0
0.999999	0.0	1e-06	0.0
0.649674	0.0	0.350325	1e-06
0.0	1.0	0.0	0.0
0.999999	1e-06	0.0	0.0
0.0	1.0	0.0	0.0
0.999774	0.0	0.000226	0.0
0.0	1.0	0.0	0.0
0.999999	0.0	1e-06	0.0
1.0	0.0	0.0	0.0
0.000184	0.999668	0.000145	2e-06
1.0	0.0	0.0	0.0
0.999997	0.0	3e-06	0.0
1.0	0.0	0.0	0.0
4.6e-05	0.0	0.999954	0.0
0.0	0.0	1.0	0.0
0.0	0.0	1.0	0.0
1.0	0.0	0.0	0.0
0.0	1.0	0.0	0.0
1.0	0.0	0.0	0.0
1.0	0.0	0.0	0.0
0.0	1.0	0.0	0.0
0.0	1.0	0.0	0.0
0.114654	0.0	0.885346	0.0
1.0	0.0	0.0	0.0
0.0	0.0	1.0	0.0
0.999815	0.000144	4.1e-05	0.0
0.0	1e-06	0.0	0.999999
0.863342	4e-05	0.136616	2e-06
0.970809	0.0	0.029191	0.0
0.0	0.99998	2e-05	0.0
0.0	0.999087	0.000913	0.0
0.000578	0.0	0.999422	0.0
0.0	0.0	1.0	0.0
0.000148	0.755964	0.242576	0.001312
0.0	0.999985	1.5e-05	0.0
0.999998	0.0	2e-06	0.0
1.0	0.0	0.0	0.0
0.0	1.0	0.0	0.0
0.99812	0.0	0.001571	0.000309
0.0	1.0	0.0	0.0
0.992123	0.000876	0.006675	0.000326
0.0	1.0	0.0	0.0
1.0	0.0	0.0	0.0
1.0	0.0	0.0	0.0
0.0	0.0	1.0	0.0
0.0079	0.0	0.9921	0.0
0.00206	0.0	0.99794	0.0
1.0	0.0	0.0	0.0
0.999997	0.0	0.0	3e-06
1.0	0.0	0.0	0.0
0.0	1.0	0.0	0.0
1.0	0.0	0.0	0.0
0.0	0.999999	1e-06	0.0
1.0	0.0	0.0	0.0
0.0	1.0	0.0	0.0
2.1e-05	0.023214	0.976764	1e-06
1.0	0.0	0.0	0.0
0.0	1.0	0.0	0.0
0.0	0.0	0.0	1.0
0.999778	0.0	0.000205	1.7e-05
0.999996	1e-06	1e-06	1e-06
0.0	1.0	0.0	0.0
1.0	0.0	0.0	0.0
0.000462	0.0	0.999538	0.0
1.0	0.0	0.0	0.0
1.0	0.0	0.0	0.0
0.0	1.0	0.0	0.0
0.99997	0.0	3e-05	0.0
1.0	0.0	0.0	0.0
0.000943	0.0	0.999057	0.0
0.0	0.0	1.0	0.0
0.0	0.0	0.0	1.0
1.0	0.0	0.0	0.0
1.0	0.0	0.0	0.0
0.0	0.0	1.0	0.0
1.0	0.0	0.0	0.0
1.0	0.0	0.0	0.0
0.0	1.0	0.0	0.0
0.0	0.609792	0.390208	0.0
0.0	1.0	0.0	0.0
0.0	1.0	0.0	0.0
0.999952	3e-06	4.5e-05	0.0
0.0	1.0	0.0	0.0
0.999924	0.0	7.6e-05	0.0
1.0	0.0	0.0	0.0
1.0	0.0	0.0	0.0
0.0	1.0	0.0	0.0
1.0	0.0	0.0	0.0
1.1e-05	0.36546	0.634529	0.0
1.0	0.0	0.0	0.0
0.0	1.0	0.0	0.0
0.0	1.0	0.0	0.0
1.0	0.0	0.0	0.0
0.011415	0.988585	0.0	0.0
1.0	0.0	0.0	0.0
1.0	0.0	0.0	0.0
0.0	1.0	0.0	0.0
0.999998	2e-06	0.0	0.0
0.0	0.0	1.0	0.0
0.0	1.0	0.0	0.0
1.0	0.0	0.0	0.0
0.000157	0.670211	0.329596	3.7e-05
0.0	1.0	0.0	0.0
1.0	0.0	0.0	0.0
0.011333	0.0	0.988667	0.0
1.0	0.0	0.0	0.0
0.999981	1e-06	1.8e-05	0.0
1.0	0.0	0.0	0.0
0.0	0.0	0.0	1.0
0.0	1.0	0.0	0.0
0.0	5e-06	0.999995	0.0
0.0	0.999965	1.8e-05	1.6e-05
0.0	1.0	0.0	0.0
0.0	1.0	0.0	0.0
1.8e-05	0.0	0.877506	0.122476
0.0	0.0	1.0	0.0
0.0	0.0	1.0	0.0
0.0	1.0	0.0	0.0
1.0	0.0	0.0	0.0
0.0	0.0	0.0	1.0
1.0	0.0	0.0	0.0
0.0	0.0	1.0	0.0
0.0	0.0	1.0	0.0
0.999998	0.0	2e-06	0.0
0.0	1.0	0.0	0.0
1.0	0.0	0.0	0.0
3e-06	0.0	0.999997	0.0
0.0	1.0	0.0	0.0
0.999946	0.0	3e-06	5.2e-05
0.0	0.0	1.0	0.0
0.0	0.961376	0.038624	0.0
0.0	0.0	1.0	0.0
0.0	0.991283	0.008717	0.0
1.0	0.0	0.0	0.0
1.0	0.0	0.0	0.0
0.0	1.0	0.0	0.0
1e-06	0.0	0.999999	0.0
0.0	0.99493	0.00507	0.0
0.0	0.0	0.06438	0.935619
0.999999	0.0	0.0	0.0
0.0	1.0	0.0	0.0
0.0	0.999944	5.6e-05	0.0
0.0	0.0	1.0	0.0
0.0	1.0	0.0	0.0
0.0	0.0	1.0	0.0
0.999998	0.0	2e-06	0.0
1.0	0.0	0.0	0.0
0.0	0.0	0.0	1.0
1.0	0.0	0.0	0.0
0.0	1.0	0.0	0.0
0.0	1.0	0.0	0.0
0.002769	0.0	0.997231	0.0
0.999994	0.0	6e-06	0.0
0.0	0.999558	0.000442	0.0
0.999234	0.0	0.000766	0.0
0.0	1.0	0.0	0.0
0.0	1.0	0.0	0.0
0.0	1.3e-05	0.0	0.999987
0.998298	0.0	0.001702	0.0
1.0	0.0	0.0	0.0
0.0	0.0	1.0	0.0
0.0	1.0	0.0	0.0
1.0	0.0	0.0	0.0
3.1e-05	0.962572	0.037397	0.0
0.0	1.0	0.0	0.0
1.0	0.0	0.0	0.0
0.0	0.097498	0.902502	0.0
0.999997	0.0	3e-06	0.0
0.0	1e-06	0.999999	0.0
1.0	0.0	0.0	0.0
1.0	0.0	0.0	0.0
0.0	1.0	0.0	0.0
1.0	0.0	0.0	0.0
1.0	0.0	0.0	0.0
0.000466	0.0	0.999534	0.0
0.0	0.99998	1.6e-05	5e-06
1.0	0.0	0.0	0.0
0.0	0.0	1.0	0.0
0.999989	1e-05	0.0	0.0
0.0	0.0	0.0	1.0
0.0	0.0	0.0	1.0
0.0	0.999947	5.3e-05	0.0
0.0	0.0	1.0	0.0
6.9e-05	0.421453	0.578478	0.0
0.0	0.0	1.0	0.0
0.999999	0.0	1e-06	0.0
1.5e-05	0.0	0.999985	0.0
0.0	1.0	0.0	0.0
0.0	0.0	1.0	0.0
0.133639	0.0	0.866361	0.0
1.3e-05	0.0	0.999987	0.0
0.999995	0.0	5e-06	0.0
0.088581	0.0	0.911419	0.0
1e-06	4e-06	1e-06	0.999994
1.0	0.0	0.0	0.0
0.999122	7.5e-05	0.000799	4e-06
0.989575	0.000853	0.009568	3e-06
0.0	0.0	1.0	0.0
1.0	0.0	0.0	0.0
1.0	0.0	0.0	0.0
1.0	0.0	0.0	0.0
0.999999	0.0	1e-06	0.0
1e-06	0.0	0.0	0.999999
0.99988	5e-06	0.000115	0.0
0.0	1.0	0.0	0.0
1.0	0.0	0.0	0.0
0.380496	0.0	0.619504	0.0
1.0	0.0	0.0	0.0
1.0	0.0	0.0	0.0
1.0	0.0	0.0	0.0
0.0	0.999991	9e-06	0.0
1.0	0.0	0.0	0.0
0.999978	3e-06	1.9e-05	0.0
0.0	0.999721	0.000279	0.0
0.0	0.0	1.0	0.0
0.999992	0.0	8e-06	0.0
1.0	0.0	0.0	0.0
0.0	0.0	1.0	0.0
0.999341	0.000659	0.0	0.0
0.0	1.0	0.0	0.0
0.0	0.0	1.0	0.0
1.0	0.0	0.0	0.0
0.999996	0.0	4e-06	0.0
1.0	0.0	0.0	0.0
0.0	1.0	0.0	0.0
0.0	0.0	1.0	0.0
0.0	1e-06	0.999999	0.0
0.001079	0.995121	0.001282	0.002517
0.0	1.0	0.0	0.0
0.0	1.0	0.0	0.0
1.0	0.0	0.0	0.0
0.999997	3e-06	0.0	0.0
0.0	1.0	0.0	0.0
0.0	0.0	1.0	0.0
0.0	1.0	0.0	0.0
0.0	0.999999	1e-06	0.0
0.0	0.999995	5e-06	0.0
0.999998	0.0	2e-06	0.0
0.0	0.0	0.0	1.0
0.0	1.0	0.0	0.0
0.0	0.0	0.0	1.0
0.999999	0.0	1e-06	0.0
2e-06	0.999882	0.000113	3e-06
0.0	1.0	0.0	0.0
0.999998	0.0	2e-06	0.0
0.0	0.0	1.0	0.0
3.6e-05	0.012883	0.103791	0.883289
1.0	0.0	0.0	0.0
0.0	0.99983	0.000159	1.1e-05
1.0	0.0	0.0	0.0
0.0	1.0	0.0	0.0
1.0	0.0	0.0	0.0
0.0	0.029949	0.970051	0.0
1.0	0.0	0.0	0.0
0.0	0.0	1.0	0.0
1.0	0.0	0.0	0.0
1.0	0.0	0.0	0.0
1.0	0.0	0.0	0.0
0.0	0.0	0.0	1.0
1e-06	1e-06	2e-06	0.999996
1.7e-05	0.999961	2.2e-05	0.0
0.0	0.0	1.0	0.0
0.007609	0.0	0.992391	0.0
4e-06	0.999992	4e-06	0.0
0.0	1.0	0.0	0.0
0.96662	0.0	0.03338	0.0
0.0	0.0	1.0	0.0
0.0	0.00014	0.99986	0.0
0.999998	0.0	2e-06	0.0
0.0	1.0	0.0	0.0
1.0	0.0	0.0	0.0
0.101288	0.0	0.898712	0.0
0.0	0.999997	3e-06	0.0
0.0	1.0	0.0	0.0
2.6e-05	0.0	0.999674	0.0003
0.0	1.0	0.0	0.0
0.0	0.999998	0.0	2e-06
0.999979	0.0	2.1e-05	0.0
0.0	0.0	1.0	0.0
0.0	1.0	0.0	0.0
1e-06	0.0	0.999999	0.0
0.0	1.0	0.0	0.0
1.0	0.0	0.0	0.0
0.0	0.999975	2.5e-05	0.0
0.0	0.0	1.0	0.0
0.0	1.0	0.0	0.0
1.0	0.0	0.0	0.0
1.0	0.0	0.0	0.0
0.0	1.0	0.0	0.0
0.0	1.0	0.0	0.0
0.0	0.0	1.0	0.0
0.873071	0.00219	0.124739	0.0
0.0	0.999795	0.000205	1e-06
1.0	0.0	0.0	0.0
0.0	0.999999	1e-06	0.0
0.000631	0.0	0.999369	0.0
1.0	0.0	0.0	0.0
1.0	0.0	0.0	0.0
1.0	0.0	0.0	0.0
0.0	1.0	0.0	0.0
1.0	0.0	0.0	0.0
5e-05	0.0	0.999949	0.0
0.070071	0.0	0.929929	0.0
1.0	0.0	0.0	0.0
0.0	1.0	0.0	0.0
1.0	0.0	0.0	0.0
1.0	0.0	0.0	0.0
0.0	1.0	0.0	0.0
1.0	0.0	0.0	0.0
0.011001	0.0	0.988998	0.0
0.0	1.0	0.0	0.0
0.999998	0.0	2e-06	0.0
0.0	0.0	0.0	1.0
0.0	1.0	0.0	0.0
0.0	0.0	0.0	1.0
0.0	1.0	0.0	0.0
0.0	0.0	0.0	1.0
0.0	0.0	1.0	0.0
1.0	0.0	0.0	0.0
0.0	1.0	0.0	0.0
0.0	1.0	0.0	0.0
0.0	1.0	0.0	0.0
1.0	0.0	0.0	0.0
0.0	0.0	1.0	0.0
0.0	0.999995	2e-06	2e-06
0.0	1.0	0.0	0.0
1.0	0.0	0.0	0.0
0.0	0.999978	2.2e-05	0.0
1.0	0.0	0.0	0.0
0.0	0.0	1.0	0.0
0.0	0.9994	0.000393	0.000206
0.003802	0.0	0.996198	0.0
0.000877	0.0	0.001599	0.997524
0.0	0.01946	0.98054	0.0
0.0	1.0	0.0	0.0
0.0	0.0	1.0	0.0
0.004666	0.0	0.995333	0.0
0.0	0.0	0.0	1.0
1.0	0.0	0.0	0.0
0.0	0.97237	0.02763	0.0
0.0	1.0	0.0	0.0
0.0	0.0	1.0	0.0
0.0	0.0	0.0	1.0
0.0	0.000259	0.999741	0.0
0.026867	0.0	0.861904	0.111229
0.0	0.0	0.0	1.0
1.4e-05	0.998561	0.001423	2e-06
1.0	0.0	0.0	0.0
0.99999	1e-05	0.0	0.0
0.0	1.0	0.0	0.0
1.0	0.0	0.0	0.0
2.2e-05	0.0	0.999978	0.0
0.999298	0.0	0.000702	0.0
1.0	0.0	0.0	0.0
0.0	1.0	0.0	0.0
1e-05	0.976097	0.00127	0.022623
0.0	1.0	0.0	0.0
0.0	1.0	0.0	0.0
1.0	0.0	0.0	0.0
0.0	0.999996	4e-06	0.0
0.0	0.0	1.0	0.0
1.0	0.0	0.0	0.0
0.0	0.0	0.0	1.0
0.0	1.0	0.0	0.0
1.0	0.0	0.0	0.0
0.0	0.0	0.005344	0.994656
0.0	4e-06	0.999996	0.0
0.0	1.0	0.0	0.0
0.0	1.0	0.0	0.0
8.3e-05	0.0	0.999917	0.0
1.0	0.0	0.0	0.0
0.0	0.999804	0.000195	1e-06
0.0	9.9e-05	0.0	0.9999
0.0	1.0	0.0	0.0
0.0	1.0	0.0	0.0
0.0	0.0	1.0	0.0
0.0	0.0	0.0	1.0
0.0	1.0	0.0	0.0
0.0	1.0	0.0	0.0
1e-06	0.0	0.999999	0.0
0.0	0.999999	1e-06	0.0
1.0	0.0	0.0	0.0
0.0	0.999996	4e-06	0.0
1e-06	0.878527	0.121472	1e-06
0.186574	0.0	0.813426	0.0
0.03166	0.96834	0.0	0.0
0.0	1.0	0.0	0.0
0.0	0.0	1.0	0.0
0.999998	0.0	2e-06	0.0
1.0	0.0	0.0	0.0
1.0	0.0	0.0	0.0
0.0	0.99911	0.00089	0.0
0.0	0.000374	0.0	0.999625
0.999999	0.0	1e-06	0.0
0.0	0.984343	0.015657	0.0
0.999998	0.0	2e-06	0.0
1.0	0.0	0.0	0.0
0.0	0.0	1.0	0.0
0.0	1.0	0.0	0.0
0.0	1.0	0.0	0.0
0.00154	0.0	0.99846	0.0
0.0	0.0	1.0	0.0
0.999999	0.0	1e-06	0.0
0.999999	0.0	0.0	0.0
1.8e-05	0.99948	0.000501	1e-06
0.0	1.0	0.0	0.0
0.0	1.0	0.0	0.0
0.0	0.0	0.0	1.0
0.0	1.0	0.0	0.0
0.003994	0.689588	0.285132	0.021286
0.0	0.0	1.0	0.0
0.999995	0.0	5e-06	0.0
1.0	0.0	0.0	0.0
0.0	1.0	0.0	0.0
0.0	0.0	1e-06	0.999999
0.999975	0.0	0.0	2.5e-05
0.00095	0.994468	0.004512	7e-05
0.0	1.0	0.0	0.0
0.0	1.0	0.0	0.0
0.0	0.0	1.0	0.0
1.0	0.0	0.0	0.0
1.0	0.0	0.0	0.0
0.0	1.0	0.0	0.0
0.0	0.0	0.0	1.0
0.0	1.0	0.0	0.0
0.114966	0.0	0.885034	0.0
1.0	0.0	0.0	0.0
0.999862	0.000135	3e-06	0.0
0.0	1.0	0.0	0.0
0.0	1.0	0.0	0.0
0.0	1.0	0.0	0.0
2.2e-05	0.0	0.999978	0.0
0.0	1.0	0.0	0.0
0.999989	1e-06	0.0	1e-05
1.0	0.0	0.0	0.0
1.0	0.0	0.0	0.0
0.0	1.0	0.0	0.0
0.999996	0.0	4e-06	0.0
0.0	0.00017	0.99983	0.0
7e-06	0.994239	0.00304	0.002713
1.0	0.0	0.0	0.0
0.0	0.0	1.0	0.0
1.0	0.0	0.0	0.0
0.999999	1e-06	0.0	0.0
1.0	0.0	0.0	0.0
0.817425	0.0	0.182575	0.0
0.0	1.0	0.0	0.0
0.000814	0.0	0.999186	0.0
1.0	0.0	0.0	0.0
0.0	1.0	0.0	0.0
0.0	0.0	1.0	0.0
4.1e-05	3e-06	0.999956	0.0
1.0	0.0	0.0	0.0
0.0	0.999509	0.000491	0.0
0.0	1.0	0.0	0.0
0.0	0.0	1.0	0.0
0.670499	7.1e-05	0.329399	3.1e-05
0.999997	1e-06	3e-06	0.0
0.0	1.0	0.0	0.0
0.999998	0.0	2e-06	0.0
0.999998	0.0	2e-06	0.0
0.0	0.0	1.0	0.0
1.0	0.0	0.0	0.0
1.0	0.0	0.0	0.0
0.0	0.0	1.0	0.0
0.0	1.0	0.0	0.0
1.0	0.0	0.0	0.0
0.0	0.999998	2e-06	0.0
0.0	1.0	0.0	0.0
0.000105	0.229782	0.769949	0.000164
0.999999	0.0	1e-06	0.0
1.0	0.0	0.0	0.0
1.5e-05	0.999946	3.7e-05	2e-06
1.7e-05	0.0	0.999983	0.0
0.0	1.0	0.0	0.0
1.0	0.0	0.0	0.0
0.0	0.0	1.0	0.0
0.0	1.0	0.0	0.0
1.0	0.0	0.0	0.0
1.0	0.0	0.0	0.0
0.0	1.0	0.0	0.0
1.0	0.0	0.0	0.0
0.049667	0.0	0.950332	1e-06
0.0	1.0	0.0	0.0
0.0	0.0	1.0	0.0
0.0	0.999977	2.3e-05	0.0
0.063527	0.0	0.936473	0.0
0.0	0.0	0.000288	0.999712
0.999998	0.0	2e-06	0.0
1.0	0.0	0.0	0.0
0.999995	0.0	5e-06	0.0
0.0	1.0	0.0	0.0
1.0	0.0	0.0	0.0
0.0	0.0	1.0	0.0
0.0	1.0	0.0	0.0
1.4e-05	5e-06	0.999982	0.0
1.0	0.0	0.0	0.0
1.0	0.0	0.0	0.0
7.8e-05	0.0	0.999922	0.0
1.0	0.0	0.0	0.0
0.0	1.0	0.0	0.0
0.0	0.0	1.0	0.0
0.0	0.0	1.0	0.0
0.0	1.0	0.0	0.0
0.0	1.0	0.0	0.0
4e-06	0.76468	0.235296	1.9e-05
1.0	0.0	0.0	0.0
3.2e-05	0.755238	0.236533	0.008197
1.0	0.0	0.0	0.0
0.0	0.96318	0.03682	0.0
1.0	0.0	0.0	0.0
0.0	1.0	0.0	0.0
0.999968	0.0	3.2e-05	0.0
0.0	1.0	0.0	0.0
0.0	1.0	0.0	0.0
0.999985	5e-06	1e-05	0.0
0.999996	0.0	4e-06	0.0
0.0	0.0	0.0	1.0
0.0	0.999853	0.000147	0.0
0.0	0.0	0.0	1.0
0.0	0.0	1.0	0.0
1.6e-05	0.005827	0.994152	5e-06
0.0	1.0	0.0	0.0
5e-06	0.0	4.8e-05	0.999946
0.01719	0.0	0.98281	0.0
0.999996	0.0	4e-06	0.0
1.0	0.0	0.0	0.0
0.0	1.0	0.0	0.0
1.0	0.0	0.0	0.0
1.0	0.0	0.0	0.0
0.999999	0.0	1e-06	0.0
0.0	0.0	0.0	1.0
0.0	0.999966	3.4e-05	0.0
0.0	1.0	0.0	0.0
0.000929	0.003217	0.990144	0.005711
0.0	0.000661	0.999339	0.0
0.0	0.0	1.0	0.0
0.0	1.0	0.0	0.0
0.999996	0.0	4e-06	0.0
0.0	1.0	0.0	0.0
0.0	0.974544	0.025455	0.0
0.0	1.0	0.0	0.0
0.0	0.995187	0.004813	0.0
0.999998	0.0	2e-06	0.0
0.0	1.0	0.0	0.0
0.0	0.448194	0.551806	0.0
1.0	0.0	0.0	0.0
0.075201	0.385688	0.523577	0.015533
0.0	1.0	0.0	0.0
0.0	1.0	0.0	0.0
0.0	1.0	0.0	0.0
0.999999	1e-06	0.0	0.0
0.0	0.000121	0.999879	0.0
1.0	0.0	0.0	0.0
1.0	0.0	0.0	0.0
1.0	0.0	0.0	0.0
0.0	0.99942	0.00058	0.0
2e-06	0.0	0.999998	0.0
0.0	0.0	1.0	0.0
1.0	0.0	0.0	0.0
0.999997	0.0	3e-06	0.0
0.0	4e-06	0.999996	0.0
1.0	0.0	0.0	0.0
0.0	1.0	0.0	0.0
0.0	0.999999	1e-06	0.0
0.0	1.0	0.0	0.0
0.0	0.0	1.0	0.0
0.999995	3e-06	1e-06	0.0
0.999997	0.0	2e-06	1e-06
0.999999	1e-06	0.0	0.0
0.0	1.0	0.0	0.0
0.0	1e-06	0.0	0.999999
2e-06	0.999079	0.000919	0.0
0.0	0.285836	0.714091	7.2e-05
1.0	0.0	0.0	0.0
0.0	0.0	1.0	0.0
0.0	1.0	0.0	0.0
0.999244	0.000696	3.1e-05	2.9e-05
0.999998	0.0	1e-06	0.0
1.0	0.0	0.0	0.0
1.0	0.0	0.0	0.0
0.01055	0.0	0.98945	0.0
0.0	1.0	0.0	0.0
2.4e-05	0.0	0.999976	0.0
0.0	0.0	0.0	1.0
0.999959	0.0	4.1e-05	0.0
1.0	0.0	0.0	0.0
0.0	0.0	1.0	0.0
0.0	0.0	1.0	0.0
0.999968	0.0	3.2e-05	0.0
0.0	1.0	0.0	0.0
0.0	0.0	1.0	0.0
0.0	1.0	0.0	0.0
1.0	0.0	0.0	0.0
0.999999	1e-06	0.0	0.0
0.0	0.0	1.0	0.0
0.0	1.0	0.0	0.0
0.002007	0.0	0.997993	0.0
1.0	0.0	0.0	0.0
0.99991	0.0	9e-05	0.0
0.0	0.999998	2e-06	0.0
1.0	0.0	0.0	0.0
1.0	0.0	0.0	0.0
1.0	0.0	0.0	0.0
0.0	1.0	0.0	0.0
1.0	0.0	0.0	0.0
0.999999	0.0	1e-06	0.0
0.0	0.0	1.0	0.0
0.0	0.0	1.0	0.0
0.0	0.0	1.0	0.0
0.999982	1.7e-05	1e-06	0.0
0.0	1.0	0.0	0.0
0.999366	3e-06	0.000631	0.0
0.0	1.0	0.0	0.0
0.999777	0.0	0.000223	0.0
0.0	1.0	0.0	0.0
0.0	1.0	0.0	0.0
0.0	0.0	1.0	0.0
0.999983	0.0	1.7e-05	0.0
1.0	0.0	0.0	0.0
0.956172	0.0	0.043828	0.0
0.0	1.0	0.0	0.0
0.010447	6.8e-05	0.004177	0.985308
0.0	0.0	0.0	1.0
0.0	1.0	0.0	0.0
1.0	0.0	0.0	0.0
1e-06	0.0	0.0	0.999999
0.999992	0.0	8e-06	0.0
0.0	0.0	0.0	1.0
0.676197	0.0	0.323803	0.0
0.0	1.0	0.0	0.0
0.0	1.0	0.0	0.0
0.0	0.0	1.0	0.0
0.000321	0.999585	9.2e-05	2e-06
0.0	1.0	0.0	0.0
0.0	0.0	1.0	0.0
1.0	0.0	0.0	0.0
0.0	1.0	0.0	0.0
1.0	0.0	0.0	0.0
1.0	0.0	0.0	0.0
0.0	0.99999	5e-06	6e-06
0.0	0.0	1.0	0.0
0.0	1.0	0.0	0.0
1e-06	0.0	0.999999	0.0
0.0	1.0	0.0	0.0
0.006232	0.0	0.993768	0.0
0.0	1.0	0.0	0.0
1.0	0.0	0.0	0.0
0.0	0.0	1.0	0.0
1.0	0.0	0.0	0.0
1.0	0.0	0.0	0.0
0.0	0.0	1.0	0.0
0.0	1.0	0.0	0.0
0.0	0.0	1.0	0.0
0.944719	0.0	0.055281	0.0
1.0	0.0	0.0	0.0
0.0	1.0	0.0	0.0
0.0	0.0	0.003784	0.996216
0.0	1.0	0.0	0.0
1.0	0.0	0.0	0.0
0.991311	0.0	0.008689	0.0
0.0	1.0	0.0	0.0
0.0	1.0	0.0	0.0
0.000207	0.636269	0.362799	0.000724
0.999954	0.0	4.6e-05	1e-06
0.0	1e-06	0.999999	0.0
0.011357	0.0	0.988643	0.0
0.0	1.0	0.0	0.0
0.0	0.999998	2e-06	0.0
1.0	0.0	0.0	0.0
0.0	0.001585	0.998415	0.0
0.0	0.0	1.0	0.0
1.0	0.0	0.0	0.0
0.0	0.000105	8.3e-05	0.999813
0.0	1.0	0.0	0.0
0.001452	0.0	0.998547	0.0
1.0	0.0	0.0	0.0
0.0	0.0	1.0	0.0
0.0	0.999993	7e-06	0.0
0.0	1.0	0.0	0.0
0.0	1.0	0.0	0.0
1.0	0.0	0.0	0.0
0.033936	0.486422	0.472787	0.006855
1.0	0.0	0.0	0.0
0.000515	0.0	0.999485	0.0
1e-06	0.668455	0.000717	0.330827
0.0	1.0	0.0	0.0
1.0	0.0	0.0	0.0
1.0	0.0	0.0	0.0
1.0	0.0	0.0	0.0
0.0	1.0	0.0	0.0
0.012172	9.7e-05	0.987731	0.0
0.0	1.0	0.0	0.0
0.999998	0.0	2e-06	0.0
0.0	0.0	0.0	1.0
0.0	1.0	0.0	0.0
0.0	1.0	0.0	0.0
0.999978	0.0	2.1e-05	1e-06
